0.316701 2.76964
0.371417 2.66104
0.372249 2.65395
0.376964 5.41652
0.377796 8.17174
0.380511 13.6893
0.381343 21.9617
0.386057 30.2121
0.386889 41.2102
0.432905 40.4481
0.433737 40.3404
0.438452 43.0026
0.439284 45.6577
0.443999 48.3058
0.444831 53.7164
0.449545 61.8823
0.450377 70.0264
0.453092 80.9185
0.453924 94.5512
0.458639 108.148
0.459471 124.477
0.464185 140.764
0.465017 159.776
0.469732 178.738
0.472634 197.65
0.803473 148.983
0.864961 140.869
0.865793 140.494
0.972578 127.294
1.03207 120.361
1.0329 120.041
1.28399 94.1758
1.34548 89.0469
1.34631 88.8098
1.40697 84.4222
1.4078 84.1973
1.40945 86.7427
1.41251 89.2814
1.41335 94.5829
1.46846 91.3602
1.47755 90.8742
1.47838 90.6322
1.53704 86.1546
1.53787 85.9251
1.58361 82.7764
1.60361 81.4625
1.62361 80.1695
1.64361 78.897
1.66976 77.2317
1.68976 76.0058
1.70976 74.7994
1.72976 73.6121
1.8294 66.874
1.8494 65.8125
1.8694 64.7679
1.8894 63.7398
1.8918 63.5701
1.9094 62.8956
1.9118 62.7281
1.9294 62.0626
1.9318 61.8973
1.9494 61.2406
1.9518 61.0775
1.9694 60.4294
1.9718 60.2685
1.9894 59.6291
1.9918 59.4703
1.99991 59.3119
2.0094 58.9964
2.0118 58.8393
2.01991 58.6826
2.0294 58.3705
2.0318 58.215
2.03991 58.06
2.0518 57.5973
2.05991 57.444
2.2217 49.0812
2.2417 48.3022
2.2617 47.5355
2.30028 45.9158
2.32028 45.187
2.34028 44.4698
2.36028 43.7639
2.38028 43.0693
2.40028 42.3857
2.42028 41.7129
2.44028 41.0508
2.46028 40.3992
2.47265 40.0773
2.48028 39.9706
2.49265 39.6521
2.49619 39.5465
2.50028 39.4412
2.50126 42.1058
2.51265 41.9936
2.51619 41.8818
2.52126 41.7703
2.53619 41.5481
2.54126 41.4374
2.55619 40.9978
2.57619 40.347
2.59619 39.7066
2.61619 39.0764
2.63619 38.4561
2.65619 37.8457
2.67619 37.245
2.69619 36.6538
2.71619 36.072
2.73619 35.4995
2.75619 34.936
2.77619 34.3815
2.77993 34.2899
2.79619 33.9261
2.79993 33.8357
2.81619 33.4768
2.81993 33.3876
2.83993 32.9454
2.84014 32.8576
2.85993 32.509
2.87993 31.993
2.89993 31.4852
2.90697 31.4014
2.9078 31.3177
2.91993 31.2343
2.93993 30.7386
2.95993 30.2507
2.96845 30.0897
2.96929 30.0096
2.974 29.9297
2.97483 32.6196
2.97993 35.3024
2.99993 35.1146
3.02994 34.1906
3.03077 34.0996
3.03549 34.0087
3.04014 36.6878
3.06014 36.2986
3.08014 35.7224
3.10014 35.1554
3.12014 34.5974
3.14014 34.0482
3.16014 33.5078
3.18014 32.9759
3.20014 32.4525
3.22014 31.9374
3.24014 31.4305
3.26014 30.9316
3.28014 30.4406
3.30014 29.9574
3.32014 29.4819
3.34014 29.014
3.35086 28.8597
3.36014 28.7061
3.38014 28.2505
3.40014 27.8021
3.41035 27.6542
3.41118 27.5806
3.42014 27.5071
3.44014 27.1428
3.46014 26.712
3.46983 26.5699
3.47067 26.4991
3.47538 26.4285
3.48014 29.1278
3.49517 28.9729
3.50014 28.8957
3.52014 28.4371
3.52932 28.2858
3.54014 28.1353
3.56014 27.6888
3.58014 27.2493
3.60014 26.8167
3.62014 26.3911
3.64014 25.9722
3.66014 25.5599
3.68014 25.1542
3.70014 24.755
3.70428 24.689
3.72014 24.4271
3.72428 24.362
3.74014 24.1036
3.74428 24.0394
3.76014 23.7843
3.76428 23.721
3.78014 23.4693
3.78428 23.4068
3.80014 23.1584
3.80428 23.0968
3.82014 22.8517
3.82428 22.7909
3.84014 22.5491
3.86014 22.1911
3.88014 21.8389
3.90014 21.4923
3.92014 21.1511
3.94014 20.8154
3.94164 20.76
3.96014 20.5397
3.96164 20.485
3.98014 20.2677
3.98164 20.2137
4.00014 19.9992
4.00164 19.946
4.02014 19.7343
4.04014 19.4211
4.0403 19.3694
4.06014 19.1639
4.0603 19.1128
4.08014 18.91
4.0803 18.8597
4.10014 18.6596
4.12014 18.3634
4.14014 18.0719
4.16014 17.7851
4.18014 17.5028
4.20014 17.225
4.22014 16.9516
4.24014 16.6825
4.26014 16.4177
4.26574 16.374
4.28014 16.2002
4.28574 16.1571
4.30014 15.9857
4.30574 15.9431
4.32014 15.7739
4.32574 15.7319
4.34014 15.565
4.34574 15.5236
4.34763 15.4822
4.35026 18.2106
4.36014 18.1621
4.36574 18.1138
4.36763 20.8352
4.37026 23.5493
4.38014 23.4866
4.38574 23.4241
4.38763 26.1313
4.39026 28.8314
4.40014 31.5242
4.40574 34.2099
4.41026 36.8884
4.42014 36.7902
4.42574 36.6922
4.43026 36.5945
4.44014 36.4971
4.44574 36.3999
4.45026 36.3029
4.46014 36.1098
4.46574 36.0137
4.47026 35.9178
4.48014 35.7267
4.49026 35.5367
4.50014 35.3476
4.51026 35.1596
4.52014 34.9726
4.53026 34.7866
4.54014 34.6015
4.55026 34.4175
4.56014 34.2344
4.57026 34.0523
4.58014 33.8712
4.59026 33.691
4.60014 33.5118
4.61026 33.3336
4.62014 33.1563
4.63026 32.9799
4.64014 32.8045
4.64801 32.7171
4.65026 32.63
4.66014 32.5431
4.66801 32.4564
4.67026 32.37
4.67781 32.2838
4.68014 32.1978
4.68801 32.1121
4.68932 34.7962
4.69026 37.4732
4.69781 40.143
4.70014 45.5754
4.70801 48.2236
4.70932 53.6345
4.71026 61.8006
4.71781 69.9449
4.72014 78.0676
4.72801 86.1686
4.72932 94.248
4.73026 105.076
4.73781 115.874
4.74014 126.644
4.74801 137.386
4.74932 150.868
4.75026 167.084
4.75781 180.487
4.76014 196.624
4.76801 209.949
4.76932 226.008
4.77026 244.793
4.77781 263.529
4.78014 282.214
4.78801 300.85
4.78932 322.206
4.79026 343.505
4.79781 364.748
4.80014 388.703
4.80801 409.825
4.80932 433.66
4.81026 460.202
4.81781 483.903
4.82014 510.311
4.82801 536.648
4.82932 562.915
4.83026 591.882
4.83781 620.772
4.84014 649.585
4.84801 678.321
4.84932 709.75
4.85026 743.865
4.85781 775.12
4.86014 809.061
4.86801 840.142
4.86932 873.91
4.87171 910.358
4.88014 943.939
4.88801 977.43
4.88932 1013.6
4.8939 1049.68
4.90014 1085.66
4.90801 1118.77
4.91026 1154.57
4.92014 1187.5
4.92801 1220.34
4.93026 1253.1
4.94014 1282.99
4.94801 1312.81
4.95026 1345.32
4.96014 1374.97
4.96801 1401.78
4.97026 1431.28
4.98014 1457.94
4.99026 1481.75
5.00014 1505.5
5.01026 1526.42
5.02014 1544.51
5.03026 1559.78
5.04014 1572.25
5.05026 1584.68
5.06014 1594.31
5.07026 1601.14
5.08014 1605.18
5.09026 1606.45
5.10014 1607.71
5.11026 1606.2
5.12014 1601.92
5.13026 1597.65
5.13442 1593.4
5.14014 1589.16
5.15026 1580.7
5.15442 1576.49
5.17026 1559.77
5.17442 1555.61
5.19026 1539.11
5.19442 1535.01
5.21026 1518.72
5.21442 1514.68
5.23026 1498.61
5.23442 1494.62
5.23826 1490.64
5.24583 1486.67
5.25026 1482.71
5.25442 1478.76
5.25826 1474.82
5.26583 1470.89
5.27026 1466.98
5.27442 1465.84
5.27826 1464.71
5.28583 1460.8
5.29026 1459.68
5.29442 1458.57
5.29826 1457.45
5.30583 1456.34
5.31026 1455.23
5.31442 1454.13
5.31826 1455.79
5.32583 1454.68
5.33026 1453.58
5.33442 1455.25
5.33826 1456.91
5.35026 1455.8
5.35442 1454.69
5.35826 1453.59
5.37026 1449.72
5.37442 1448.63
5.37826 1447.54
5.39026 1443.68
5.39442 1439.84
5.39826 1436.01
5.41442 1424.56
5.41826 1420.77
5.43442 1405.7
5.43826 1401.95
5.45442 1387.08
5.45826 1383.38
5.47442 1368.71
5.47826 1365.06
5.49442 1350.58
5.49826 1346.98
5.51442 1332.69
5.51826 1329.14
5.53442 1315.04
5.53826 1311.54
5.55442 1297.62
5.55826 1294.16
5.56307 1290.72
5.57442 1283.85
5.57826 1280.43
5.58307 1277.02
5.59442 1270.23
5.59826 1266.85
5.60307 1263.47
5.61442 1256.75
5.61826 1253.41
5.63332 1243.42
5.63442 1240.11
5.65332 1226.95
5.65442 1223.68
5.67332 1210.7
5.67442 1207.48
5.69442 1194.66
5.71442 1175.7
5.73442 1157.04
5.75442 1138.68
5.88068 1007.22
5.92976 962.583
5.94216 954.913
5.943 952.37
5.94976 949.834
5.96976 937.254
5.98976 922.377
6.00365 912.591
6.05522 869.821
6.07522 856.015
6.09522 842.427
6.10997 833.489
6.12997 820.26
6.14997 807.24
6.38318 641.807
6.43991 608.474
6.44467 606.854
6.4455 605.237
6.49939 578.413
6.50023 576.872
6.50694 575.336
6.50777 576.573
6.51249 577.808
6.51332 581.808
6.55888 566.498
6.55971 564.99
6.56443 563.485
6.56526 564.754
6.57197 566.02
6.57281 570.051
6.57752 574.073
6.58318 578.083
6.60318 576.544
6.61837 570.426
6.6192 568.907
6.62318 570.162
6.62392 571.413
6.62475 575.431
6.66924 561.785
6.68924 552.868
6.70924 544.092
6.72924 535.456
6.74924 526.957
6.99117 415.626
7.01117 409.029
7.03117 402.536
7.11657 371.588
7.15647 358.927
7.17606 353.23
7.17647 352.289
7.17689 354.121
7.19647 352.237
7.21647 346.646
7.23555 341.144
7.23638 340.235
7.23647 342.099
7.24664 341.188
7.25647 340.279
7.27647 335.772
7.29647 330.443
7.31647 325.198
7.33647 320.036
7.35647 314.956
7.37647 309.957
7.39647 305.037
7.41647 300.195
7.43647 295.43
7.45647 290.741
7.47647 286.126
7.48866 283.846
7.49647 283.09
7.50866 280.835
7.51647 280.087
7.52866 277.855
7.53647 277.115
7.54866 274.907
7.55647 274.175
7.56866 271.99
7.57647 271.266
7.58866 269.104
7.59647 268.388
7.60866 266.249
7.61647 265.54
7.62866 263.424
7.63647 262.723
7.64866 260.629
7.65647 259.935
7.66866 257.864
7.67647 257.177
7.68866 255.128
7.69589 254.449
7.69647 253.771
7.70866 253.095
7.71589 252.421
7.71647 251.749
7.72866 251.079
7.73589 250.41
7.73647 249.743
7.74866 249.078
7.75589 248.415
7.75647 247.753
7.76866 247.093
7.77589 246.435
7.77647 245.779
7.78866 245.125
7.79589 244.472
7.79647 243.821
7.80866 243.171
7.81589 242.524
7.81647 241.878
7.82866 241.234
7.83589 240.591
7.83647 239.951
7.84866 239.312
7.85589 238.674
7.85647 238.039
7.86866 237.405
7.87589 236.772
7.87647 236.142
7.88866 235.513
7.89589 234.886
7.89647 234.26
7.90866 233.636
7.91589 233.014
7.91647 232.394
7.91942 234.544
7.92866 233.92
7.93589 233.297
7.93647 235.445
7.93942 237.588
7.94866 239.725
7.95589 239.086
7.95647 241.219
7.95942 246.116
7.96866 248.23
7.97589 250.339
7.97647 255.212
7.98866 254.532
7.99589 253.854
7.99647 255.948
8.00866 255.266
8.01589 254.586
8.01647 253.908
8.02866 253.232
8.03589 252.558
8.03647 251.885
8.04866 251.214
8.05589 250.545
8.05647 249.878
8.06866 249.213
8.07589 248.549
8.07647 247.887
8.08866 247.227
8.09589 246.568
8.09647 245.912
8.10866 245.257
8.11589 244.604
8.11647 243.952
8.12866 243.303
8.13589 242.655
8.13647 242.009
8.14866 241.364
8.15589 240.721
8.15647 240.08
8.16866 239.441
8.17589 238.803
8.17647 238.167
8.18866 237.533
8.19589 236.9
8.19647 236.269
8.20866 235.64
8.21589 235.013
8.21647 234.387
8.22232 233.763
8.22866 233.14
8.23589 232.519
8.23647 234.67
8.24232 236.814
8.24866 238.953
8.25589 238.317
8.25647 240.452
8.26232 242.581
8.26866 244.705
8.27589 246.823
8.27647 251.705
8.28232 256.574
8.28866 258.66
8.29589 260.741
8.29647 265.586
8.30866 267.648
8.31589 266.935
8.31647 268.994
8.32866 268.278
8.33589 267.563
8.33647 269.62
8.34866 268.902
8.35589 268.186
8.35647 267.472
8.36866 266.76
8.37589 266.049
8.37647 265.341
8.38866 264.634
8.39589 263.929
8.39647 263.226
8.40866 262.525
8.41589 261.826
8.41647 261.129
8.43589 258.359
8.43647 257.67
8.45589 254.937
8.45647 254.258
8.47589 251.56
8.47647 250.89
8.49589 248.228
8.49647 247.567
8.51589 244.94
8.51647 244.288
8.53589 241.696
8.53647 241.053
8.55589 238.495
8.55647 237.86
8.57589 235.336
8.57647 234.709
8.59589 232.219
8.59647 231.601
8.61589 229.143
8.61647 228.533
8.63589 226.108
8.63647 225.506
8.65589 223.114
8.65647 222.52
8.67589 220.159
8.67647 219.572
8.68951 218.988
8.69589 218.404
8.69647 217.823
8.70951 217.243
8.71589 216.664
8.71647 216.087
8.72951 215.512
8.73589 214.938
8.73647 214.365
8.74951 213.794
8.75589 213.225
8.75647 212.657
8.76951 212.091
8.77589 211.526
8.77647 210.963
8.79589 208.724
8.79647 208.169
8.81589 205.96
8.81647 205.411
8.83589 203.232
8.83647 202.691
8.85589 200.54
8.85647 200.006
8.87589 197.884
8.87647 197.357
8.89589 195.263
8.89647 194.743
8.91589 192.677
8.91647 192.164
8.93589 190.125
8.93647 189.619
8.95589 187.607
8.95647 187.107
8.97589 185.122
8.97647 184.629
8.99589 182.67
8.99647 182.184
9.01589 180.251
9.01647 179.771
9.03589 177.863
9.03647 177.39
9.05589 175.507
9.05647 175.04
9.07589 173.183
9.07647 172.722
9.09589 170.889
9.09647 170.434
9.11589 168.626
9.11647 168.177
9.13589 166.392
9.13647 165.949
9.15589 164.188
9.15647 163.751
9.17589 162.014
9.17647 161.582
9.18703 161.152
9.19589 160.295
9.19647 159.868
9.20703 159.442
9.21589 158.594
9.21647 158.172
9.22703 157.751
9.23589 156.911
9.23647 156.494
9.24703 156.077
9.25589 155.247
9.25647 154.833
9.26703 154.421
9.27589 153.599
9.27647 153.19
9.29589 151.565
9.29647 151.161
9.31589 149.558
9.31647 149.159
9.33589 147.577
9.33647 147.184
9.35589 145.622
9.35647 145.234
9.37589 143.693
9.37647 143.311
9.39589 141.79
9.39647 141.413
9.41589 139.912
9.41647 139.54
9.43589 138.059
9.43647 137.691
9.45589 136.23
9.45647 135.868
9.47589 134.426
9.47647 134.068
9.49589 132.646
9.49647 132.292
9.51589 130.889
9.51647 130.54
9.53589 129.155
9.53647 128.811
9.55589 127.445
9.55647 127.105
9.57589 125.757
9.57647 125.422
9.59589 124.091
9.59647 123.76
9.61589 122.447
9.61647 122.121
9.63589 120.826
9.63647 120.504
9.65589 119.225
9.65647 118.908
9.67589 117.646
9.67647 117.333
9.69589 116.088
9.69647 115.779
9.71589 114.55
9.71647 114.245
9.73589 113.033
9.73647 112.732
9.75589 111.536
9.75647 111.239
9.77589 110.059
9.77647 109.766
9.79589 108.601
9.79647 108.312
9.81589 107.163
9.81647 106.877
9.83589 105.743
9.83647 105.462
9.85589 104.343
9.85647 104.065
9.87589 102.961
9.87647 102.687
9.89589 101.597
9.89647 101.327
9.91589 100.251
9.91647 99.9845
9.93589 98.9236
9.93647 98.6602
9.95589 97.6134
9.95647 97.3535
9.97589 96.3205
9.97647 96.064
9.98484 95.8082
9.99589 95.2986
9.99647 95.0448
10.0048 94.7917
10.0159 94.2875
10.0165 94.0364
10.0248 93.7859
10.0359 93.2871
10.0365 93.0386
10.0559 92.0515
10.0565 91.8064
10.0759 90.8323
10.0765 90.5904
10.0959 89.6292
10.0965 89.3905
10.1159 88.4421
10.1165 88.2066
10.1359 87.2707
10.1365 87.0383
10.1559 86.1148
10.1565 85.8855
10.1759 84.9742
10.1765 84.7479
10.1959 83.8488
10.1965 83.6255
10.2159 82.7382
10.2165 82.5179
10.2359 81.6424
10.2365 81.4249
10.2559 80.561
10.2565 80.3465
10.2759 79.494
10.2765 79.2823
10.2959 78.4411
10.2965 78.2322
10.3159 77.4022
10.3165 77.196
10.3359 76.377
10.3365 76.1736
10.3559 75.3654
10.3565 75.1647
10.3759 74.3672
10.3765 74.1691
10.3959 73.3822
10.3965 73.1868
10.4159 72.4103
10.4165 72.2174
10.4359 71.4512
10.4365 71.2609
10.4559 70.5049
10.4565 70.3171
10.4613 72.8995
10.4759 72.5117
10.4765 72.3186
10.4813 74.8956
10.4959 74.4973
10.4965 74.2989
10.5013 76.8706
10.5159 76.4618
10.5165 76.2581
10.5213 78.8247
10.5359 78.4054
10.5365 78.1966
10.5413 80.758
10.5559 80.3284
10.5565 80.1145
10.5613 82.6708
10.5759 82.2311
10.5765 82.0121
10.5813 84.5633
10.5959 84.1135
10.5965 83.8895
10.6159 82.9994
10.6165 82.7784
10.6359 81.9001
10.6365 81.682
10.6559 80.8154
10.6565 80.6001
10.6759 79.745
10.6765 79.5326
10.6959 78.6888
10.6965 78.4792
10.7159 77.6465
10.7165 77.4398
10.7359 76.6181
10.7365 76.4141
10.7559 75.6033
10.7565 75.402
10.7654 75.2012
10.7759 74.8012
10.7765 74.602
10.7854 74.4033
10.7959 74.0075
10.7965 73.8104
10.8054 73.6139
10.8159 73.2223
10.8165 73.0273
10.8359 72.2525
10.8365 72.0601
10.8559 71.2955
10.8565 71.1057
10.8759 70.3512
10.8765 70.1639
10.8959 69.4194
10.8965 69.2346
10.9159 68.5
10.9165 68.3176
10.9359 67.5927
10.9365 67.4127
10.9559 66.6975
10.9565 66.5198
10.9759 65.8141
10.9765 65.6388
10.9959 64.9424
10.9965 64.7694
11.01 64.4249
11.0159 64.2533
11.0165 64.0822
11.03 63.7414
11.0359 63.5716
11.0365 63.4023
11.05 63.0651
11.0559 62.8971
11.0565 62.7296
11.07 62.3959
11.0759 62.2298
11.0765 62.0641
11.0831 61.8988
11.09 61.7339
11.0959 61.5695
11.0965 64.1752
11.1031 66.7739
11.1159 66.5961
11.1165 66.4187
11.1231 66.2419
11.1359 65.8895
11.1365 65.714
11.1431 65.539
11.1559 65.1904
11.1565 65.0168
11.1631 64.8437
11.1759 64.4988
11.1765 64.327
11.1831 64.1557
11.1959 63.8144
11.1965 63.6445
11.2159 62.9692
11.2165 62.8015
11.2359 62.1352
11.2365 61.9697
11.2559 61.3122
11.2565 61.149
11.2759 60.5002
11.2765 60.339
11.2959 59.6988
11.2965 59.5399
11.3159 58.9081
11.3165 58.7513
11.3285 58.5948
11.3359 58.4388
11.3365 58.2831
11.3485 58.1279
11.3559 57.9731
11.3565 57.8187
11.3685 57.6647
11.3759 57.5112
11.3765 57.358
11.3885 57.2053
11.3959 57.0529
11.3965 56.901
11.4085 56.7495
11.4159 56.5983
11.4165 56.4476
11.4313 56.1473
11.4359 55.9978
11.4365 58.6183
11.4513 58.3065
11.4559 58.1513
11.4565 60.766
11.4713 60.4428
11.4759 60.2818
11.4765 62.8909
11.4913 62.5564
11.4959 62.3898
11.4965 64.9933
11.5159 64.4754
11.5165 64.3037
11.5359 63.6215
11.5365 63.452
11.5559 62.7788
11.5565 62.6116
11.5759 61.9473
11.5765 61.7823
11.5959 61.1268
11.5965 60.964
11.6159 60.3172
11.6165 60.1566
11.6359 59.5183
11.6365 59.3598
11.6559 58.73
11.6565 58.5736
11.6759 57.9521
11.6765 57.7978
11.6959 57.1846
11.6965 57.0323
11.7159 56.4272
11.7165 56.2769
11.7359 55.6798
11.7365 55.5315
11.7559 54.9423
11.7565 54.796
11.7759 54.2146
11.7765 54.0703
11.7959 53.4966
11.7965 53.3541
11.8159 52.788
11.8165 52.6474
11.8359 52.0889
11.8365 51.9501
11.8559 51.3989
11.8565 51.2621
11.8759 50.7182
11.8765 50.5831
11.8959 50.0464
11.8965 49.9131
11.9159 49.3836
11.9165 49.252
11.9359 48.7295
11.9365 48.5997
11.9559 48.0841
11.9565 47.956
11.9759 47.4472
11.9765 47.3208
11.9959 46.8188
11.9965 46.6941
12.0159 46.1987
12.0165 46.0756
12.0359 45.5868
12.0365 45.4654
12.0559 44.983
12.0565 44.8632
12.0759 44.3872
12.0765 44.269
12.0941 43.9162
12.0959 43.7993
12.0965 46.4523
12.1141 46.2052
12.1159 46.0822
12.1165 48.7291
12.1341 48.4699
12.1359 48.3408
12.1365 50.9817
12.1541 50.7105
12.1559 50.5755
12.1565 53.2104
12.1741 52.9274
12.1759 52.7864
12.1765 55.4155
12.1941 55.1207
12.1959 54.9739
12.1965 57.5972
12.2141 57.2908
12.2159 57.1382
12.2165 59.7557
12.2341 59.4379
12.2359 59.2796
12.2365 61.8913
12.2541 61.5621
12.2559 61.3982
12.2565 64.0043
12.2741 63.6639
12.2759 63.4943
12.2765 66.0949
12.2941 65.7433
12.2959 65.5682
12.2965 68.1632
12.3141 67.8007
12.3159 67.6201
12.3165 70.2097
12.3359 69.8362
12.3365 69.6502
12.3559 68.9112
12.3565 68.7277
12.3571 71.3143
12.3759 70.935
12.3765 70.7461
12.3771 73.3273
12.3959 72.9373
12.3965 72.7431
12.3971 75.319
12.4159 74.9183
12.4165 74.7188
12.4171 77.2895
12.4359 76.8784
12.4365 76.6736
12.4371 79.2391
12.4559 78.8176
12.4565 78.6077
12.4571 81.168
12.4759 80.7362
12.4765 80.5212
12.4771 83.0764
12.4959 82.6345
12.4965 82.4145
12.4971 84.9646
12.5159 84.5127
12.5165 84.2876
12.5171 86.8328
12.5359 86.3709
12.5365 86.1409
12.5371 88.6811
12.5559 88.2094
12.5565 87.9745
12.5571 90.5099
12.5759 90.0284
12.5765 89.7887
12.5771 92.3192
12.5959 91.8282
12.5965 91.5836
12.5971 94.1093
12.6159 93.6088
12.6165 93.3595
12.6171 95.8805
12.6359 95.3705
12.6365 95.1165
12.6371 97.6328
12.6559 97.1135
12.6565 96.8549
12.6571 99.3666
12.6759 98.838
12.6765 98.5748
12.6771 101.082
12.6959 100.544
12.6965 100.277
12.6971 102.779
12.7159 102.232
12.7165 101.96
12.7171 104.458
12.7359 103.903
12.7365 103.626
12.7371 106.12
12.7559 105.555
12.7565 105.274
12.7571 107.763
12.7759 107.19
12.7765 106.905
12.7771 109.39
12.7959 108.808
12.7965 108.518
12.7971 110.999
12.8159 110.408
12.8165 110.114
12.8171 112.591
12.8359 111.992
12.8365 111.693
12.8371 114.166
12.8559 113.558
12.8565 113.256
12.8571 115.724
12.8759 115.108
12.8765 114.802
12.8959 113.584
12.8965 113.281
12.9159 112.079
12.9165 111.781
12.9359 110.595
12.9365 110.3
12.9559 109.13
12.9565 108.839
12.9759 107.685
12.9765 107.398
12.9959 106.258
12.9965 105.975
13.0159 104.851
13.0165 104.572
13.0359 103.462
13.0365 103.187
13.0559 102.092
13.0565 101.82
13.0759 100.74
13.0765 100.472
13.0959 99.4055
13.0965 99.1408
13.1159 98.0889
13.1165 97.8277
13.1359 96.7897
13.1365 96.532
13.1437 96.2749
13.1559 95.7628
13.1565 95.5078
13.1637 95.2534
13.1759 94.7468
13.1765 94.4944
13.1837 94.2428
13.1959 93.7415
13.1965 93.4919
13.2037 93.2429
13.2159 92.7469
13.2165 92.4999
13.2359 91.5185
13.2365 91.2748
13.2559 90.3063
13.2565 90.0658
13.2759 89.1102
13.2765 88.8729
13.2959 87.93
13.2965 87.6958
13.3159 86.7654
13.3359 85.3882
13.3559 84.0328
13.3759 82.699
13.3959 81.3864
13.4159 80.0945
13.4359 78.8232
13.4559 77.5721
13.4567 77.3655
13.4759 76.5447
13.4767 76.3408
13.4959 75.5308
13.4967 75.3297
13.5159 74.5304
13.5167 74.332
13.5359 73.5433
13.5367 73.3474
13.5559 72.5692
13.5567 72.376
13.5759 71.6081
13.5767 71.4174
13.5959 70.6596
13.5967 70.4714
13.6159 69.7237
13.6167 69.5381
13.6359 68.8003
13.6559 67.7082
13.6759 66.6335
13.6959 65.5759
13.7159 64.535
13.7359 63.5107
13.7559 62.5026
13.7759 61.5105
13.7959 60.5341
13.8067 60.2122
13.8159 59.8919
13.8359 58.9412
13.8559 58.0057
13.8682 57.5435
13.869 57.3902
13.8759 57.2374
13.8959 56.4793
13.9159 55.5828
13.9272 55.1399
13.9297 54.9931
13.9305 57.6163
13.9352 60.2325
13.9359 65.6114
13.9361 73.7455
13.9472 79.0884
13.9559 81.6474
13.9672 81.43
13.9759 81.2131
13.9942 80.1375
13.995 79.9241
13.9959 82.4809
13.9997 85.0309
14.0067 87.574
14.0159 90.1105
14.0267 89.8705
14.0359 89.3925
14.0467 88.917
14.0559 88.444
14.0667 87.9736
14.0759 87.5056
14.0867 87.0402
14.0959 86.5772
14.1067 86.1167
14.1159 85.6586
14.1267 85.203
14.1359 84.7498
14.1467 84.299
14.1559 83.8506
14.1667 83.4046
14.1759 82.9609
14.1867 82.5196
14.1959 82.0807
14.2067 81.6441
14.2159 81.2098
14.2267 80.7779
14.2359 80.3482
14.2467 79.9208
14.2559 79.4957
14.2667 79.0729
14.2759 78.6523
14.2867 78.2339
14.2959 77.8178
14.3067 77.4038
14.3159 76.9921
14.3267 76.5826
14.3359 76.1752
14.3467 75.77
14.3559 75.367
14.3759 74.1707
14.3959 72.9934
14.4159 71.8348
14.4359 70.6946
14.4559 69.5725
14.4759 68.4682
14.4959 67.3814
14.5159 66.3119
14.5359 65.2594
14.5559 64.2235
14.5759 63.2041
14.5768 63.0358
14.5959 62.367
14.5968 62.2009
14.6159 61.541
14.6168 61.3771
14.6359 60.7259
14.6368 60.5641
14.6559 59.9216
14.6568 59.762
14.6686 59.6028
14.6759 59.4441
14.6886 58.9704
14.6895 58.8134
14.6959 58.6568
14.7086 58.3448
14.7095 58.1894
14.7159 58.0344
14.7286 57.7257
14.7295 57.572
14.7359 57.4187
14.7486 57.1133
14.7495 56.9612
14.7559 56.8095
14.7686 56.5073
14.7759 56.3568
14.7886 55.9077
14.7959 55.7589
14.8086 55.3146
14.8159 55.1673
14.8286 54.7277
14.8359 54.5819
14.8486 54.147
14.8559 54.0028
14.8686 53.5725
14.8759 53.4299
14.8943 52.7222
14.8959 52.5818
14.9143 52.0239
14.9159 51.8853
14.9343 51.3348
14.9359 51.1981
14.9543 50.6549
14.9559 50.52
14.9743 49.984
14.9759 49.8509
14.9853 49.7181
14.9959 49.4537
15.0053 49.1906
15.0159 48.929
15.0253 48.6687
15.0359 48.4098
15.0559 47.6414
15.0759 46.8852
15.0959 46.141
15.0978 46.0182
15.1159 45.5299
15.1178 45.4087
15.1359 44.9269
15.1378 44.8072
15.1559 44.3318
15.1578 44.2138
15.1759 43.7447
15.1778 43.6282
15.1959 43.1653
15.1978 43.0503
15.2159 42.5936
15.2178 42.4801
15.2359 42.0294
15.2378 41.9175
15.2496 41.8059
15.2559 41.6945
15.2578 41.5835
15.2696 41.4727
15.2759 41.3623
15.2778 41.2521
15.2813 43.9119
15.2896 43.795
15.2959 43.6783
15.2978 46.3317
15.3096 46.2083
15.3159 46.0852
15.3178 45.9625
15.3296 45.8401
15.3359 45.718
15.3378 45.5963
15.3485 45.4748
15.3493 45.3537
15.3496 48.0026
15.3559 50.6444
15.3696 50.5095
15.3759 50.375
15.3896 49.9736
15.3959 49.8405
15.4096 49.3117
15.41 49.1804
15.4108 51.8191
15.4155 54.4507
15.4159 59.845
15.4163 67.9945
15.4296 73.3527
15.4359 78.6966
15.4496 78.4871
15.4559 78.278
15.4696 77.8617
15.4759 77.6543
15.4896 76.8304
15.4959 76.6258
15.5096 75.8128
15.5159 75.6109
15.5296 74.8087
15.5359 74.6094
15.5496 73.8178
15.5559 73.6213
15.563 73.4252
15.5696 73.2297
15.5759 73.0346
15.583 72.8401
15.5896 72.6462
15.5959 72.4527
15.603 72.2597
15.6096 72.0673
15.6159 71.8754
15.623 71.684
15.6296 71.4931
15.6359 71.3027
15.643 71.1128
15.6496 70.9234
15.6559 70.7345
15.6637 70.5462
15.6696 70.3583
15.6759 70.1709
15.6837 69.984
15.6896 69.7977
15.6959 69.6118
15.7037 69.4264
15.7096 69.2415
15.7159 69.0571
15.7237 68.8732
15.7296 68.6898
15.7359 68.5069
15.7437 68.3244
15.7496 68.1425
15.7559 67.961
15.7759 66.8823
15.7959 65.8207
15.8159 64.7759
15.8359 63.7477
15.8559 62.7359
15.8759 61.7401
15.8959 60.7601
15.9159 59.7957
15.9359 58.8466
15.9397 58.6899
15.9559 58.0672
15.9597 57.9125
15.9652 57.7583
15.9759 57.4511
15.9797 57.2981
15.9852 57.1455
15.9959 56.8415
15.9997 56.6901
16.0052 56.5392
16.0159 56.2384
16.0197 56.0887
16.0359 55.4936
16.0397 55.3458
16.0559 54.7586
16.0597 54.6127
16.0759 54.0333
16.0797 53.8894
16.0959 53.3176
16.0997 53.1756
16.1159 52.6114
16.1197 52.4713
16.1359 51.9146
16.1559 51.0906
16.1759 50.2797
16.1959 49.4816
16.2159 48.6962
16.2178 48.5665
16.2359 48.0512
16.2378 47.9232
16.2559 47.4148
16.2578 47.2885
16.2759 46.7868
16.2778 46.6622
16.2959 46.1671
16.2978 46.0441
16.3089 45.9215
16.3159 45.7992
16.3178 45.6773
16.3289 45.5556
16.3359 45.4343
16.3378 45.3133
16.3489 45.1926
16.3559 45.0723
16.3578 44.9522
16.3689 44.8325
16.3759 44.7131
16.3959 44.0034
16.4159 43.305
16.4359 42.6176
16.4559 41.9411
16.4759 41.2754
16.4959 40.6203
16.5159 39.9755
16.5359 39.341
16.5559 38.7165
16.5759 38.102
16.5959 37.4972
16.6159 36.9021
16.6359 36.3163
16.6559 35.7399
16.6737 35.2665
16.6759 35.1726
16.6959 34.7067
16.7159 34.1558
16.7351 33.6137
16.7359 33.5242
16.736 36.2045
16.7559 36.012
16.7759 35.4404
16.7959 34.8778
16.7966 34.7849
16.7975 37.4619
16.8077 37.3622
16.8086 40.0323
16.8159 42.6953
16.8359 42.3551
16.8559 41.6829
16.8759 41.0212
16.8959 40.3701
16.9159 39.7293
16.9359 39.0987
16.9559 38.4781
16.9759 37.8674
16.9959 37.2663
17.0159 36.6748
17.0359 36.0927
17.0559 35.5198
17.0759 34.956
17.0959 34.4011
17.1159 33.8551
17.1359 33.3177
17.1559 32.7889
17.1639 32.7016
17.1759 32.441
17.1839 32.3546
17.1959 32.0968
17.2039 32.0113
17.2159 31.7563
17.2239 31.6717
17.2359 31.4193
17.2439 31.3357
17.2559 31.086
17.2639 31.0032
17.2759 30.7562
17.2839 30.6742
17.2959 30.4298
17.3039 30.3488
17.3159 30.107
17.3239 30.0268
17.3359 29.7875
17.3439 29.7082
17.3559 29.4715
17.3639 29.393
17.3759 29.1588
17.3839 29.0811
17.3959 28.8494
17.4159 28.3915
17.4359 27.9409
17.4559 27.4974
17.4759 27.0609
17.4953 26.6314
17.4959 26.5605
17.5159 26.2786
17.5359 25.8615
17.5559 25.451
17.5568 25.3833
17.5576 28.0853
17.5759 27.9359
17.5959 27.4925
17.6114 27.2008
17.6159 27.1284
17.6229 27.0561
17.6238 26.9841
17.6285 26.9122
17.6314 29.6102
17.6359 32.301
17.6514 32.2149
17.6559 32.1291
17.6714 31.7882
17.6759 31.7036
17.6914 31.3672
17.6959 31.2837
17.7114 30.9518
17.7159 30.8693
17.7314 30.5418
17.7359 30.4605
17.7514 30.1373
17.7559 30.057
17.7714 29.7381
17.7759 29.6589
17.7914 29.3443
17.7959 29.2661
17.8114 28.9556
17.8159 28.8785
17.8314 28.5721
17.8359 28.496
17.8514 28.1936
17.8559 28.1186
17.8714 27.8202
17.8759 27.7461
17.8812 27.6722
17.8914 27.5251
17.8959 27.4518
17.9012 27.3786
17.9114 27.233
17.9159 27.1605
17.9212 27.0882
17.9314 26.9441
17.9359 26.8723
17.9514 26.5872
17.9559 26.5164
17.9714 26.2351
17.9759 26.1652
17.9914 25.8876
17.9959 25.8186
18.0114 25.5447
18.0159 25.4767
18.0314 25.2064
18.0359 25.1392
18.0514 24.8725
18.0559 24.8063
18.0714 24.5431
18.0722 24.4777
18.0759 27.1822
18.0914 27.0376
18.0922 26.9656
18.0959 29.6634
18.1114 29.5056
18.1122 29.427
18.1159 32.1183
18.1314 31.9475
18.1322 31.8624
18.1359 34.5472
18.1514 34.3634
18.1522 34.2719
18.1559 36.9503
18.1714 36.7537
18.1722 36.6559
18.1742 39.3279
18.1759 44.7624
18.1914 44.6432
18.1922 47.294
18.1942 49.9376
18.1959 55.3439
18.2116 55.1966
18.2142 57.8192
18.2159 60.4349
18.2316 60.2739
18.2342 60.1134
18.2359 62.7229
18.2516 62.5559
18.2542 62.3893
18.2559 64.9928
18.2716 64.6471
18.2759 64.4749
18.2916 63.7909
18.2959 63.621
18.3116 62.946
18.3159 62.7783
18.3316 62.1122
18.3359 61.9468
18.3516 61.2896
18.3559 61.1264
18.3716 60.4778
18.3759 60.3167
18.3916 59.6768
18.3959 59.5179
18.4116 58.8864
18.4159 58.7296
18.4316 58.1064
18.4359 57.9517
18.4516 57.3368
18.4559 57.1841
18.4716 56.5774
18.4759 56.4267
18.4916 55.8281
18.4959 55.6794
18.5116 55.0886
18.5159 54.9419
18.5316 54.359
18.5359 54.2142
18.543 54.0698
18.5516 53.7822
18.5559 53.639
18.563 53.4962
18.5716 53.2116
18.5759 53.0699
18.583 52.9286
18.5882 52.7876
18.5916 52.647
18.5959 52.5068
18.603 52.367
18.6116 52.2275
18.6159 52.0884
18.623 51.9497
18.6316 51.6734
18.6359 51.5358
18.643 51.3985
18.65 51.2617
18.6509 51.1251
18.6516 53.7586
18.6559 56.3851
18.6716 56.2349
18.6759 56.0852
18.6916 55.4901
18.6959 55.3423
18.7115 54.7552
18.7116 54.6093
18.7124 57.2336
18.7159 62.6204
18.7171 67.9929
18.7179 76.1208
18.7316 81.4573
18.7359 86.7797
18.7516 86.5486
18.7559 89.0877
18.7716 88.6139
18.773 88.3779
18.7738 90.9121
18.7759 96.2093
18.7841 98.7227
18.7882 101.229
18.7916 106.499
18.7959 111.755
18.8082 114.227
18.8116 116.692
18.8159 121.921
18.8282 121.596
18.8359 121.272
18.8482 120.627
18.8559 120.306
18.8682 119.347
18.8759 119.03
18.8959 117.14
18.8967 116.828
18.9159 115.589
18.9167 115.281
18.9359 114.058
18.9367 113.754
18.9559 112.547
18.9567 112.247
18.9759 111.056
18.9767 110.761
18.9959 109.585
18.9967 109.294
19.0159 108.134
19.0279 107.272
19.0359 106.987
19.0479 106.134
19.0559 105.852
19.0584 105.57
19.0679 105.289
19.0759 105.008
19.0784 104.729
19.0879 104.45
19.0959 104.171
19.0984 103.894
19.1079 103.617
19.1159 103.341
19.1279 102.518
19.1301 102.245
19.1359 101.973
19.1479 101.43
19.1501 101.16
19.1559 100.891
19.1679 100.354
19.1701 100.087
19.1759 99.8203
19.1879 99.2893
19.1901 99.0249
19.1959 98.7612
19.2079 98.2359
19.2101 97.9743
19.2159 97.7134
19.2279 97.1936
19.2301 96.9348
19.2359 96.6766
19.2479 96.1624
19.2501 95.9063
19.2559 95.6509
19.2679 95.1421
19.2701 94.8887
19.2759 94.636
19.2879 94.1326
19.2901 93.882
19.2959 93.6319
19.3079 93.1339
19.3101 92.8859
19.3159 92.6385
19.3279 92.1457
19.3301 91.9004
19.3359 91.6556
19.3501 90.9253
19.3559 90.6831
19.3701 89.721
19.3759 89.4821
19.3901 88.5327
19.3959 88.2969
19.4101 87.3601
19.4159 87.1274
19.4301 86.203
19.4359 85.9734
19.4501 85.0612
19.4559 84.8347
19.4701 83.9346
19.4759 83.7111
19.4879 83.0441
19.4901 82.8229
19.4959 82.6024
19.5079 82.163
19.5101 81.9442
19.5159 81.7259
19.5279 81.2912
19.5301 81.0747
19.5359 80.8588
19.5501 80.2145
19.5559 80.0009
19.5701 79.1521
19.5759 78.9413
19.5901 78.1038
19.5959 77.8958
19.6101 77.0693
19.6159 76.864
19.6301 76.0485
19.6359 75.846
19.6501 75.0413
19.6559 74.8414
19.6701 74.0474
19.6759 73.8502
19.6901 73.0666
19.6959 72.872
19.7101 72.0989
19.7159 71.9069
19.7301 71.1439
19.7359 70.9545
19.7452 70.577
19.7501 70.3891
19.7559 70.2016
19.7652 69.8282
19.7701 69.6423
19.7759 69.4568
19.7852 69.0873
19.7901 68.9034
19.7959 68.7199
19.8052 68.3543
19.8101 68.1723
19.8151 67.9907
19.816 70.5793
19.8252 70.3914
19.8301 70.2039
19.8351 70.0169
19.836 72.6001
19.8452 72.4068
19.8501 72.2139
19.8551 72.0216
19.856 74.5995
19.8652 77.1704
19.8701 79.7346
19.8751 82.2919
19.876 87.612
19.8852 90.1483
19.8901 92.6779
19.8951 95.2007
19.896 100.486
19.9052 102.988
19.9101 108.253
19.9151 113.504
19.916 121.511
19.9252 126.727
19.9301 131.929
19.9351 137.117
19.936 145.06
19.9424 152.983
19.9452 160.884
19.9501 168.765
19.9551 176.624
19.956 187.233
19.9624 197.812
19.9652 211.134
19.9701 224.42
19.9751 237.67
19.976 253.655
19.9824 269.598
19.9852 285.497
19.9901 301.355
19.9951 317.17
19.996 335.713
20.0024 354.206
20.0052 372.651
20.0101 393.815
20.0151 414.924
20.016 435.976
20.0224 456.972
20.0252 480.682
20.0301 504.328
20.0351 527.912
20.036 554.202
20.0424 580.423
20.0452 606.574
20.0501 632.655
20.0551 658.666
20.056 687.378
20.0624 716.013
20.0652 747.342
20.0701 778.588
20.0751 809.75
20.076 843.599
20.0824 877.357
20.0852 911.026
20.0901 944.605
20.0951 978.095
20.0976 1014.27
20.1024 1050.34
20.1087 1086.32
20.1101 1124.97
20.1198 1160.75
20.1224 1196.43
20.1253 1234.79
20.1301 1273.05
20.1364 1311.2
20.1424 1349.25
20.1475 1387.2
20.1501 1425.05
20.1531 1465.57
20.1624 1503.22
20.1642 1543.53
20.1701 1583.73
20.1753 1623.83
20.1808 1663.82
20.1901 1700.93
20.1919 1740.71
20.203 1777.62
20.2085 1814.43
20.2101 1851.15
20.2196 1887.76
20.2301 1921.51
20.2307 1957.94
20.2363 1994.27
20.2474 2027.73
20.2501 2061.11
20.2585 2094.39
20.2695 2124.82
20.2701 2157.94
20.2806 2188.19
20.2901 2215.6
20.2917 2245.71
20.3028 2272.96
20.3101 2297.37
20.3139 2324.49
20.325 2348.77
20.3301 2372.98
20.3306 2399.9
20.3417 2423.97
20.3472 2447.98
20.3501 2471.93
20.3527 2498.58
20.3638 2522.39
20.3701 2546.14
20.3749 2569.83
20.3805 2593.45
20.386 2617.01
20.3901 2640.5
20.3971 2663.94
20.4027 2687.31
20.4101 2707.85
20.4138 2731.1
20.4249 2751.53
20.4301 2771.9
20.4304 2794.98
20.4415 2815.23
20.447 2835.43
20.4501 2855.58
20.4581 2875.67
20.4637 2895.71
20.4692 2915.69
20.4701 2938.39
20.4803 2958.27
20.4859 2978.08
20.4901 2997.85
20.497 3017.56
20.5025 3037.22
20.5101 3054.06
20.5151 3070.85
20.5191 3090.37
20.5301 3107.07
20.5351 3123.72
20.536 3143.1
20.5455 3159.65
20.5501 3176.17
20.5551 3192.64
20.556 3211.83
20.5655 3228.2
20.5701 3247.3
20.5751 3266.35
20.576 3288.12
20.5855 3307.06
20.5901 3325.95
20.5951 3344.79
20.596 3366.34
20.6055 3385.08
20.6101 3403.76
20.6151 3422.39
20.616 3443.74
20.6255 3465.04
20.6301 3486.27
20.6351 3507.46
20.636 3531.35
20.6501 3549.64
20.6551 3567.89
20.656 3588.85
20.6701 3606.99
20.6751 3625.08
20.676 3645.89
20.6901 3661.11
20.6951 3676.29
20.696 3694.19
20.7101 3706.51
20.7151 3718.8
20.716 3733.82
20.7301 3746.03
20.7351 3758.21
20.736 3773.13
20.7501 3782.47
20.7551 3791.79
20.756 3803.85
20.7701 3813.1
20.7751 3822.34
20.776 3831.54
20.7901 3837.96
20.7951 3844.35
20.796 3853.5
20.8101 3857.09
20.8151 3860.67
20.816 3867
20.8301 3870.55
20.8351 3874.09
20.836 3880.39
20.8501 3881.14
20.8551 3881.88
20.856 3885.39
20.8628 3888.89
20.8701 3889.61
20.8751 3893.1
20.876 3896.58
20.8828 3900.06
20.8901 3903.52
20.8951 3906.97
20.896 3913.18
20.9028 3919.38
20.9101 3922.79
20.9151 3926.19
20.916 3932.35
20.9301 3935.73
20.9351 3939.1
20.936 3945.22
20.9501 3945.8
20.9551 3946.37
20.956 3949.71
20.9701 3947.5
20.9751 3948.06
20.976 3948.63
20.9901 3946.42
20.9951 3944.22
20.996 3944.79
21.0101 3939.83
21.0151 3934.87
21.016 3932.7
21.0301 3927.77
21.0351 3922.85
21.036 3920.71
21.0501 3913.04
21.0551 3905.39
21.056 3900.53
21.0701 3890.14
21.0751 3882.55
21.076 3874.98
21.0901 3864.66
21.0951 3854.37
21.096 3846.87
21.1101 3836.63
21.1151 3826.41
21.116 3816.22
21.1301 3795.92
21.1351 3785.81
21.136 3775.73
21.1501 3755.65
21.1551 3745.64
21.156 3735.67
21.1701 3715.8
21.1751 3705.9
21.176 3696.03
21.1901 3676.37
21.1951 3666.58
21.196 3656.82
21.2101 3637.37
21.2159 3627.68
21.2301 3589.19
21.2359 3579.63
21.2501 3541.65
21.2559 3532.22
21.2701 3494.75
21.2759 3485.44
21.2901 3448.46
21.2959 3439.27
21.3101 3402.78
21.3159 3393.72
21.3301 3357.71
21.3359 3348.77
21.3501 3313.24
21.3559 3304.42
21.3701 3269.36
21.3759 3260.65
21.3901 3226.06
21.3959 3217.47
21.4101 3183.33
21.4159 3174.85
21.4301 3141.17
21.4359 3132.8
21.4501 3099.56
21.4559 3091.31
21.4701 3058.51
21.4759 3050.36
21.4901 3018
21.4959 3009.96
21.5101 2978.03
21.5159 2970.09
21.5301 2938.58
21.5359 2930.76
21.5501 2899.66
21.5559 2891.94
21.5701 2861.26
21.5759 2853.64
21.5901 2823.36
21.5959 2815.84
21.6101 2785.96
21.6159 2778.54
21.6301 2749.06
21.6359 2741.74
21.6501 2712.65
21.6559 2705.43
21.6701 2676.72
21.6743 2669.6
21.6759 2662.49
21.6901 2648.32
21.6943 2641.27
21.6959 2634.24
21.7101 2620.23
21.7143 2613.25
21.7159 2606.29
21.7301 2592.43
21.7359 2585.52
21.7501 2558.09
21.7559 2551.28
21.7701 2524.21
21.7759 2517.49
21.7901 2490.77
21.7959 2484.14
21.8101 2457.78
21.8159 2451.24
21.8301 2425.23
21.8359 2418.77
21.8501 2393.11
21.8559 2386.74
21.8701 2361.41
21.8759 2355.12
21.8901 2330.14
21.8959 2323.93
21.9101 2299.27
21.9159 2293.15
21.9301 2268.82
21.9359 2262.78
21.9501 2238.77
21.9559 2232.81
21.9656 2220.93
21.9701 2215.02
21.9759 2209.12
21.9856 2197.37
21.9901 2191.52
21.9959 2185.68
22.0056 2174.05
22.0101 2168.26
22.0159 2162.49
22.0301 2145.26
22.0359 2139.55
22.0501 2116.85
22.0559 2111.21
22.0701 2088.81
22.0759 2083.25
22.0901 2061.14
22.0959 2055.65
22.1101 2033.84
22.1159 2028.43
22.1301 2006.91
22.1359 2001.56
22.1501 1980.32
22.1559 1975.05
22.1701 1954.09
22.1759 1948.89
22.1901 1928.21
22.1959 1923.08
22.2101 1902.67
22.2159 1897.61
22.2301 1877.47
22.2359 1872.47
22.2501 1852.61
22.2559 1847.67
22.2701 1828.07
22.2759 1823.2
22.2901 1803.86
22.2959 1799.05
22.2969 1794.26
22.3094 1789.48
22.3101 1784.72
22.3159 1779.97
22.3169 1777.99
22.3294 1773.26
22.3301 1771.31
22.3359 1769.36
22.3369 1770.19
22.3494 1765.47
22.3501 1763.54
22.3559 1761.61
22.3694 1756.92
22.3701 1755.01
22.3759 1753.11
22.3894 1748.44
22.3901 1743.78
22.3959 1739.14
22.4094 1729.89
22.4101 1725.28
22.4159 1720.69
22.4294 1711.53
22.4301 1706.98
22.4359 1702.43
22.4494 1693.38
22.4501 1688.87
22.4559 1684.37
22.4701 1675.41
22.4759 1670.95
22.4901 1653.22
22.4959 1648.82
22.5101 1631.32
22.5159 1626.98
22.5301 1609.72
22.5359 1605.43
22.5501 1588.39
22.5559 1584.16
22.5701 1567.36
22.5759 1563.18
22.5901 1546.6
22.5959 1542.48
22.6101 1526.11
22.6159 1522.05
22.6301 1505.9
22.6359 1501.89
22.6501 1485.95
22.6559 1482
22.6701 1466.27
22.6759 1462.37
22.6901 1446.85
22.6959 1443
22.7101 1427.69
22.7159 1423.89
22.7301 1408.78
22.7359 1405.03
22.7501 1390.12
22.7559 1386.42
22.7701 1371.71
22.7759 1368.06
22.7901 1353.54
22.7959 1349.94
22.8101 1335.61
22.8159 1332.06
22.8301 1317.92
22.8359 1314.41
22.8501 1300.47
22.8559 1297
22.8701 1283.24
22.8759 1279.83
22.8901 1266.25
22.8959 1262.87
22.9101 1249.48
22.9159 1246.15
22.9301 1232.93
22.9359 1229.64
22.9501 1216.6
22.9559 1213.36
22.9701 1200.48
22.9759 1197.29
22.9901 1184.58
22.9959 1181.43
23.0101 1168.89
23.0159 1165.78
23.0301 1153.41
23.0359 1150.34
23.0501 1138.13
23.0559 1135.1
23.0701 1123.06
23.0759 1120.07
23.0901 1108.19
23.0911 1105.23
23.0959 1102.29
23.1101 1096.43
23.1111 1093.51
23.1159 1090.6
23.1301 1084.79
23.1311 1081.91
23.1359 1079.02
23.1501 1073.28
23.1511 1070.43
23.1559 1067.58
23.1701 1061.9
23.1711 1059.07
23.1759 1056.25
23.1901 1050.63
23.1959 1047.83
23.2101 1036.72
23.2159 1033.95
23.2301 1022.98
23.2359 1020.26
23.2501 1009.43
23.2559 1006.75
23.2701 996.065
23.2759 993.412
23.2901 982.872
23.2959 980.255
23.3101 969.854
23.3159 967.271
23.3301 957.009
23.3359 954.46
23.3501 944.333
23.3559 941.818
23.3701 931.826
23.3759 929.344
23.3901 919.484
23.3959 917.035
23.4101 907.305
23.4159 904.889
23.4301 895.288
23.4359 892.904
23.4501 883.43
23.4559 881.078
23.4701 871.73
23.4759 869.408
23.489 862.48
23.4901 860.184
23.4959 857.893
23.509 853.33
23.5101 851.057
23.5159 848.791
23.529 844.276
23.5301 842.027
23.5359 839.785
23.549 835.318
23.5501 833.093
23.5559 830.875
23.5701 826.455
23.5759 824.254
23.5901 815.509
23.5959 813.337
23.6101 804.708
23.6159 802.565
23.6301 794.05
23.6359 791.935
23.6501 783.532
23.6559 781.446
23.6701 773.155
23.6759 771.096
23.6901 762.914
23.6959 760.883
23.7101 752.81
23.7159 750.805
23.7301 742.839
23.7359 740.861
23.7501 733
23.7559 731.048
23.7701 723.292
23.7756 721.365
23.7759 719.444
23.7877 717.528
23.7901 715.618
23.7956 713.712
23.7959 714.581
23.8077 712.678
23.8101 710.78
23.8156 708.887
23.8159 709.769
23.8277 707.878
23.8301 708.763
23.8356 709.645
23.8359 713.294
23.8477 714.165
23.8501 715.032
23.8556 715.898
23.8559 719.53
23.8677 720.384
23.8701 724.005
23.8756 727.616
23.8759 733.987
23.8901 734.802
23.8956 735.615
23.8959 739.195
23.9101 737.226
23.9156 735.263
23.9159 736.075
23.9301 734.114
23.9356 732.159
23.9359 732.979
23.9501 731.027
23.9556 729.08
23.9559 727.139
23.9701 723.271
23.9756 721.345
23.9759 719.424
23.9901 715.597
23.9956 713.691
23.9959 711.791
24.0101 708.005
24.0156 706.119
24.0159 704.239
24.0301 700.493
24.0356 698.627
24.0359 696.767
24.0501 693.061
24.0556 691.215
24.0559 689.374
24.0701 685.707
24.0756 683.881
24.0759 682.06
24.0901 678.432
24.0956 676.625
24.0959 674.823
24.1101 671.234
24.1156 669.446
24.1159 667.663
24.1301 664.112
24.1356 662.343
24.1359 660.579
24.1501 657.066
24.1556 655.316
24.1559 653.571
24.1701 650.094
24.1756 648.363
24.1759 646.636
24.1901 643.197
24.1956 641.484
24.1959 639.776
24.2101 636.372
24.2156 634.678
24.2159 632.988
24.2301 629.621
24.2356 627.944
24.2359 626.272
24.2501 622.94
24.2556 621.281
24.2559 619.627
24.2701 616.331
24.2756 614.69
24.2759 613.053
24.2901 609.792
24.2956 608.168
24.2959 606.548
24.3101 603.322
24.3156 601.715
24.3159 600.113
24.3301 596.921
24.3356 595.331
24.3359 593.745
24.3501 590.587
24.3556 589.014
24.3559 587.446
24.3701 584.321
24.3756 582.765
24.3759 581.213
24.3901 578.122
24.3956 576.582
24.3959 575.046
24.4101 571.988
24.4156 570.464
24.4159 568.945
24.4301 565.919
24.4356 564.412
24.4359 562.909
24.4501 559.914
24.4556 558.423
24.4559 556.936
24.4701 553.974
24.4759 552.499
24.4901 546.637
24.4959 545.181
24.5101 539.396
24.5159 537.96
24.5301 532.252
24.5359 530.835
24.5501 525.203
24.5559 523.804
24.5701 518.246
24.5759 516.866
24.5901 511.382
24.5959 510.02
24.6101 504.609
24.6159 503.265
24.6301 497.926
24.6339 496.6
24.6359 495.277
24.6501 492.643
24.6539 491.331
24.6559 490.022
24.6701 487.416
24.6739 486.118
24.6759 484.823
24.6901 482.244
24.6939 480.96
24.6959 479.679
24.7101 477.128
24.7139 475.857
24.7159 474.59
24.7301 472.065
24.7339 470.808
24.7359 469.554
24.7501 467.057
24.7559 465.813
24.7701 460.871
24.7759 459.643
24.7833 458.419
24.7901 457.198
24.7959 455.981
24.8033 454.766
24.8101 453.555
24.8159 452.348
24.8233 451.143
24.8301 449.941
24.8359 448.743
24.8433 447.548
24.8501 446.356
24.8559 445.168
24.8701 440.444
24.8759 439.271
24.8901 434.611
24.8959 433.453
24.9101 428.854
24.9159 427.712
24.9301 423.174
24.9359 422.047
24.9501 417.569
24.9559 416.457
24.9701 412.039
24.9759 410.941
24.9901 406.581
24.9959 405.499
25.0101 401.196
25.0159 400.128
25.0359 393.777
25.0559 387.526
25.0759 381.375
25.0959 375.322
25.1159 369.365
25.1359 363.502
25.1559 357.732
25.1759 352.054
25.1959 346.466
25.2159 340.966
25.2359 335.554
25.2559 330.228
25.2759 324.987
25.2959 319.828
25.3159 314.752
25.3359 309.756
25.3385 308.931
25.3559 305.653
25.3759 300.802
25.3959 296.027
25.4029 295.239
25.4038 294.452
25.4159 293.668
25.4359 289.007
25.4559 284.42
25.4644 282.907
25.4652 282.153
25.47 281.402
25.4708 283.422
25.4759 285.437
25.4959 283.919
25.5159 279.412
25.5259 277.926
25.5267 277.186
25.5314 276.448
25.5359 278.481
25.5385 280.509
25.5456 282.532
25.5559 281.779
25.5585 283.799
25.5656 283.043
25.5759 282.289
25.5785 281.537
25.5856 280.787
25.5959 279.294
25.5985 278.55
25.6056 277.808
25.6159 276.331
25.6185 275.595
25.6359 272.671
25.6385 271.944
25.6559 269.059
25.6585 268.343
25.6759 265.495
25.6781 264.788
25.6959 261.979
25.6981 261.281
25.7159 258.509
25.7181 257.821
25.7359 255.085
25.7381 254.406
25.7559 251.707
25.7759 247.711
25.7959 243.78
25.8159 239.91
25.8359 236.102
25.8559 232.355
25.8759 228.666
25.8959 225.037
25.9159 221.465
25.9329 218.532
25.9359 217.95
25.9529 215.637
25.9559 215.063
25.9729 212.781
25.9759 212.215
25.9929 209.963
25.9959 209.404
26.0129 207.182
26.0159 206.63
26.0167 208.85
26.0359 207.186
26.0367 206.634
26.0559 204.441
26.0567 203.897
26.0759 201.734
26.0959 198.532
26.1159 195.38
26.1359 192.279
26.1559 189.227
26.1759 186.224
26.1959 183.268
26.2159 180.359
26.2359 177.496
26.2559 174.679
26.2559 174.213
26.2759 172.365
26.2759 171.906
26.2831 171.448
26.2959 170.536
26.2959 170.082
26.3031 169.629
26.3159 168.727
26.3159 168.278
26.3231 167.829
26.3359 166.937
26.3359 166.492
26.3395 168.818
26.3559 167.92
26.3559 167.473
26.3595 169.797
26.3759 168.894
26.3795 168.444
26.3959 166.657
26.3995 166.213
26.4159 164.449
26.4195 164.011
26.4359 162.271
26.4395 161.839
26.4559 160.122
26.4595 159.696
26.4759 158.001
26.4795 157.58
26.4959 155.909
26.4995 155.493
26.5159 153.844
26.5195 153.434
26.5359 151.806
26.5395 151.402
26.5559 149.795
26.5595 149.396
26.5759 147.811
26.5795 147.418
26.5959 145.854
26.5995 145.465
26.6159 143.922
26.6195 143.538
26.6359 142.015
26.6395 141.637
26.6559 140.135
26.6595 139.761
26.6759 138.278
26.6795 137.91
26.6908 137.177
26.6959 136.811
26.6995 136.447
26.7159 134.999
26.7195 134.64
26.7359 133.211
26.7395 132.856
26.7523 132.15
26.7531 131.798
26.7559 134.217
26.7595 136.629
26.7759 136.265
26.7795 135.902
26.7959 134.46
26.7995 134.102
26.8138 133.033
26.8159 132.679
26.8195 132.326
26.8271 131.973
26.8359 131.622
26.8395 131.271
26.8471 130.922
26.8559 130.225
26.8595 129.879
26.8671 129.533
26.8759 128.844
26.8795 128.501
26.8871 128.158
26.8959 127.477
26.8995 127.137
26.9071 126.799
26.9159 126.124
26.9195 125.788
26.9271 125.453
26.9359 124.786
26.9395 124.454
26.9471 124.122
26.9559 123.462
26.9595 123.133
26.9759 121.827
26.9795 121.502
26.9959 120.213
26.9995 119.893
27.0159 118.621
27.0195 118.305
27.0359 117.05
27.0395 116.738
27.0559 115.5
27.0595 115.192
27.0759 113.97
27.0959 112.161
27.1159 110.381
27.1359 108.628
27.1559 106.904
27.1615 106.62
27.1759 105.488
27.1815 105.207
27.1959 104.091
27.2015 103.814
27.2159 102.712
27.2215 102.439
27.2359 101.352
27.2415 101.082
27.2559 100.01
27.2615 99.7434
27.2759 98.6851
27.2815 98.4223
27.2959 97.378
27.3159 95.8324
27.3359 94.3112
27.3559 92.8143
27.3759 91.3411
27.3959 89.8912
27.4159 88.4644
27.4359 87.0603
27.4559 85.6784
27.4759 84.3184
27.4959 82.9801
27.5159 81.663
27.5351 80.3667
27.536 80.1527
27.5551 79.3023
27.556 79.0911
27.5751 78.252
27.576 78.0436
27.5951 77.2155
27.596 77.0099
27.6051 76.8048
27.6159 76.3963
27.6359 75.1836
27.6559 73.9903
27.6677 73.4007
27.6685 73.2052
27.6759 73.0103
27.6959 72.0433
27.7159 70.8998
27.7359 69.7744
27.7559 68.6669
27.7759 67.577
27.7959 66.5043
27.8159 65.4487
27.8359 64.4099
27.8559 63.3875
27.8652 63.0504
27.8759 62.715
27.8852 62.3814
27.8959 62.0496
27.9052 61.7195
27.9159 61.3912
27.9252 61.0647
27.9359 60.7399
27.9452 60.4168
27.9559 60.0954
27.9652 59.7758
27.9759 59.4578
27.9959 58.5141
28.0159 57.5853
28.0359 56.6713
28.0559 55.7717
28.0759 54.8865
28.0959 54.0153
28.1153 53.1579
28.1161 53.0164
28.1353 52.4539
28.1361 52.3142
28.1553 51.7591
28.1561 51.6213
28.1759 51.0736
28.1959 50.2629
28.2159 49.4651
28.2359 48.6799
28.2425 48.5503
28.2559 48.1635
28.2759 47.399
28.2959 46.6466
28.304 46.5224
28.3048 46.3985
28.3159 46.2749
28.3359 45.5404
28.3559 44.8176
28.3759 44.1062
28.3959 43.4061
28.4026 43.2905
28.4159 42.9456
28.4226 42.8312
28.4359 42.4899
28.4426 42.3768
28.4559 42.0391
28.4626 41.9272
28.4759 41.5931
28.4826 41.4823
28.4959 41.1518
28.5026 41.0422
28.5159 40.7152
28.5226 40.6067
28.5359 40.2832
28.5559 39.6438
28.5759 39.0145
28.5959 38.3953
28.6159 37.7858
28.6359 37.1861
28.6559 36.5958
28.6759 36.0149
28.6959 35.4433
28.7159 34.8807
28.7308 34.5106
28.7359 34.4187
28.7441 34.3271
28.7559 34.0535
28.7641 33.9628
28.7759 33.6922
28.7841 33.6025
28.7923 33.513
28.7931 33.4238
28.7959 36.1044
28.8041 36.0082
28.8159 35.9123
28.8241 35.8167
28.8359 35.5313
28.8441 35.4367
28.8537 35.2482
28.8559 35.1543
28.8641 35.0607
28.8759 34.7813
28.8841 34.6887
28.8959 34.4123
28.9041 34.3207
28.9159 34.0472
28.9241 33.9565
28.9359 33.686
28.9441 33.5963
28.9559 33.3286
28.9759 32.7995
28.9959 32.2789
29.0159 31.7666
29.0359 31.2623
29.0487 31.0132
29.0559 30.9307
29.0687 30.6842
29.0759 30.6025
29.0887 30.3586
29.0959 30.2778
29.1087 30.0365
29.1159 29.9565
29.1287 29.7178
29.1359 29.6387
29.1559 29.1683
29.1652 29.0131
29.1759 28.8588
29.1852 28.7053
29.1959 28.5526
29.2052 28.4007
29.2159 28.2497
29.2252 28.0994
29.2359 27.9499
29.2559 27.5063
29.2759 27.0697
29.2959 26.64
29.3159 26.2172
29.3359 25.801
29.3559 25.3915
29.3759 24.9885
29.3959 24.5918
29.4159 24.2015
29.4229 24.137
29.4359 23.9447
29.4559 23.5647
29.4759 23.1906
29.4843 23.0673
29.4852 23.0058
29.4959 22.9446
29.5159 22.5804
29.5359 22.222
29.5458 22.1038
29.5467 22.0449
29.5514 21.9862
29.5522 24.6973
29.5559 30.1708
29.5759 30.0904
29.5959 29.6128
29.6073 29.3769
29.6082 29.2986
29.6129 29.2206
29.6159 31.9124
29.6229 34.5971
29.6359 34.5049
29.6429 34.413
29.6559 34.1388
29.6629 34.0479
29.6759 33.7766
29.6959 33.2405
29.7159 32.7129
29.7359 32.1936
29.7559 31.6826
29.7759 31.1798
29.7959 30.6849
29.8159 30.1978
29.8359 29.7185
29.8559 29.2468
29.8759 28.7825
29.8869 28.5532
29.8959 28.4013
29.9069 28.175
29.9159 28.0252
29.9269 27.8018
29.9359 27.654
29.9469 27.4336
29.9559 27.2877
29.9669 27.0703
29.9759 26.9263
29.9869 26.7117
29.9959 26.5696
30.0069 26.3579
30.0159 26.2177
30.0269 26.0088
30.0359 25.8705
30.0469 25.6643
30.0559 25.5278
30.0669 25.3244
30.0759 25.1897
30.0869 24.989
30.0959 24.8561
30.1069 24.658
30.1159 24.5269
30.1269 24.3314
30.1359 24.202
30.1469 24.0092
30.1559 23.8815
30.1567 23.8179
30.1669 23.7544
30.1759 23.6281
30.1767 23.5652
30.1869 23.5024
30.1959 23.3774
30.1967 23.3151
30.2069 23.253
30.2159 23.1294
30.2167 23.0678
30.2269 23.0063
30.2359 22.8839
30.2367 22.823
30.2469 22.7622
30.2559 22.6412
30.2567 22.5809
30.2669 22.5207
30.2759 22.4009
30.2767 22.3413
30.2959 22.1042
30.2967 22.0454
30.3159 21.8115
30.3359 21.4653
30.3559 21.1245
30.3759 20.7892
30.3959 20.4593
30.4159 20.1345
30.4359 19.8149
30.4559 19.5004
30.4759 19.1909
30.4959 18.8863
30.5159 18.5865
30.5359 18.2915
30.5559 18.0012
30.5759 17.7154
30.5959 17.4342
30.6159 17.1575
30.6359 16.8852
30.6559 16.6172
30.6759 16.3534
30.6812 16.3098
30.6959 16.1368
30.7012 16.0938
30.714 15.9656
30.7159 15.9231
30.7212 15.8807
30.7359 15.7962
30.7412 15.7541
30.7559 15.587
30.7612 15.5455
30.7755 15.3805
30.7759 15.3396
30.7763 18.0684
30.7812 20.7899
30.7959 20.7345
30.8012 20.6793
30.8159 20.5145
30.8212 20.4599
30.8359 20.2428
30.837 20.1889
30.8378 22.9048
30.8412 28.3831
30.8481 31.0771
30.8489 36.5336
30.8559 41.9756
30.8612 47.4031
30.8759 47.2769
30.8812 47.151
30.8959 46.9002
30.9012 46.7753
30.9029 46.6507
30.9038 49.2961
30.9085 51.9344
30.914 54.5658
30.9159 59.9597
30.9212 65.3393
30.934 67.935
30.9359 70.5237
30.9412 73.1055
30.954 72.9108
30.9559 75.4863
30.974 74.8848
30.9759 74.6854
30.994 73.893
30.9959 73.6962
31.014 72.9143
31.0159 72.7201
31.034 71.9485
31.0359 71.7569
31.054 70.9956
31.0559 70.8065
31.074 70.0553
31.0759 69.8687
31.094 69.1274
31.0959 68.9433
31.114 68.2118
31.1159 68.0302
31.134 67.3084
31.1359 67.1291
31.154 66.4169
31.1559 66.24
31.174 65.5372
31.1759 65.3627
31.194 64.6692
31.1959 64.4969
31.2081 64.1539
31.214 63.983
31.2159 63.8126
31.2281 63.4732
31.234 63.3042
31.2359 63.1356
31.2481 62.7998
31.254 62.6325
31.2559 62.4657
31.2681 62.1334
31.274 61.968
31.2759 61.803
31.2881 61.4742
31.294 61.3105
31.2959 61.1472
31.3081 60.822
31.314 60.66
31.3159 60.4985
31.3281 60.1767
31.334 60.0164
31.3359 59.8566
31.3481 59.5382
31.354 59.3796
31.3559 59.2215
31.3681 58.9065
31.374 58.7496
31.3759 58.5931
31.3881 58.2815
31.394 58.1263
31.3959 57.9715
31.4081 57.6631
31.414 57.5096
31.4159 57.3564
31.434 56.7479
31.434 56.5967
31.4359 59.2156
31.454 58.9007
31.454 58.7438
31.4559 61.357
31.474 61.0306
31.474 60.8681
31.4759 63.4756
31.494 63.138
31.494 62.9699
31.4959 65.5718
31.514 65.223
31.514 65.0493
31.5159 67.6457
31.534 67.2859
31.534 67.1067
31.5359 69.6977
31.554 69.3269
31.554 69.1423
31.5559 71.7278
31.574 71.3463
31.5759 71.1563
31.594 70.4013
31.5959 70.2138
31.614 69.4688
31.6159 69.2838
31.6359 68.3662
31.6559 67.281
31.6759 66.2131
31.6792 66.0368
31.6959 65.3361
31.6992 65.1621
31.7159 64.4708
31.7192 64.2991
31.7359 63.6169
31.7392 63.4474
31.7559 62.7743
31.7592 62.6071
31.7759 61.9428
31.7792 61.7779
31.7959 61.1224
31.7992 60.9596
31.8159 60.3128
31.8192 60.1522
31.8359 59.514
31.8392 59.3555
31.8559 58.7258
31.8592 58.5694
31.8593 61.183
31.8759 60.8576
31.8793 60.6955
31.8959 60.0515
31.8993 59.8916
31.9159 59.2562
31.9359 58.3156
31.9559 57.39
31.965 57.0847
31.9759 56.7811
31.985 56.479
31.9959 56.1786
32.005 55.8798
32.0159 55.5826
32.0359 54.7003
32.0559 53.8321
32.0759 52.9776
32.0959 52.1367
32.0967 51.9979
32.1159 51.4462
32.1167 51.3092
32.1359 50.7648
32.1367 50.6296
32.1559 50.0924
32.1567 49.959
32.1759 49.429
32.1767 49.2973
32.1959 48.7743
32.2159 48.0001
32.2359 47.2382
32.2559 46.4884
32.2759 45.7505
32.2959 45.0243
32.3159 44.3097
32.3359 43.6064
32.3559 42.9142
32.3759 42.233
32.3959 41.5627
32.4159 40.903
32.4359 40.2537
32.4559 39.6148
32.4759 38.986
32.4959 38.3672
32.5159 37.7582
32.5359 37.1589
32.5559 36.5691
32.5759 35.9886
32.5959 35.4174
32.6159 34.8552
32.6359 34.302
32.6559 33.7575
32.6759 33.2217
32.6959 32.6944
32.7159 32.1754
32.7359 31.6647
32.7559 31.1621
32.7607 31.0791
32.7759 30.7494
32.7807 30.6675
32.7959 30.3421
32.8007 30.2613
32.8159 29.9402
32.8207 29.8605
32.8359 29.5437
32.8407 29.465
32.8559 29.1524
32.8607 29.0747
32.8759 28.7663
32.8807 28.6896
32.8959 28.3853
32.9007 28.3097
32.9159 28.0093
32.9207 27.9347
32.9359 27.6383
32.9407 27.5647
32.9559 27.2723
32.9607 27.1996
32.9759 26.911
32.9807 26.8394
32.9959 26.5546
33.0007 26.4839
33.0159 26.2029
33.0207 26.1331
33.0359 25.8558
33.0407 25.787
33.0559 25.5134
33.0607 25.4454
33.0759 25.1755
33.0807 25.1084
33.0959 24.842
33.1007 24.7759
33.1159 24.513
33.1207 24.4477
33.1359 24.1883
33.1407 24.1239
33.1559 23.8679
33.1759 23.4891
33.1959 23.1163
33.2159 22.7493
33.2359 22.3883
33.2559 22.0329
33.2759 21.6832
33.2959 21.339
33.3159 21.0003
33.3359 20.667
33.3559 20.3389
33.3713 20.1231
33.3759 20.0695
33.3913 19.8566
33.3959 19.8037
33.4113 19.5936
33.4159 19.5414
33.4359 19.2312
33.4559 18.926
33.4759 18.6256
33.4959 18.33
33.5159 18.039
33.5359 17.7527
33.5559 17.4709
33.5706 17.2855
33.5759 17.2395
33.5906 17.0566
33.5959 17.0112
33.6106 16.8307
33.6159 16.7859
33.6306 16.6078
33.6359 16.5635
33.6559 16.3006
33.6759 16.0419
33.6959 15.7873
33.7159 15.5367
33.7359 15.2901
33.7559 15.0474
33.7759 14.8085
33.7959 14.5735
33.8109 14.4189
33.8159 14.3805
33.8309 14.2279
33.8359 14.19
33.8509 14.0394
33.8559 14.002
33.8709 13.8535
33.8759 13.8166
33.8959 13.5973
33.9159 13.3815
33.9359 13.1691
33.9559 12.96
33.9759 12.7543
33.9959 12.5519
34.0159 12.3526
34.0335 12.189
34.0359 12.1566
34.0535 12.0276
34.0559 11.9956
34.0735 11.8683
34.0759 11.8367
34.0935 11.7111
34.0959 11.6799
34.1135 11.556
34.1159 11.5252
34.1335 11.4029
34.1359 11.3726
34.1535 11.2519
34.1559 11.2219
34.1735 11.1029
34.1759 11.0733
34.1935 10.9558
34.1959 10.9266
34.2159 10.7819
34.2359 10.6108
34.2559 10.4424
34.2759 10.2766
34.2959 10.1135
34.3159 9.95296
34.3359 9.79498
34.3559 9.6395
34.3759 9.4865
34.3959 9.33592
34.4159 9.18774
34.4359 9.0419
34.4559 8.89838
34.4759 8.75714
34.4959 8.61814
34.5159 8.48135
34.5359 8.34673
34.5559 8.21424
34.5759 8.08386
34.592 7.99809
34.5959 7.97679
34.612 7.89216
34.6159 7.87114
34.632 7.78763
34.6359 7.76689
34.6559 7.66402
34.6759 7.54237
34.6959 7.42265
34.7159 7.30483
34.723 7.28538
34.7359 7.22733
34.743 7.20808
34.7559 7.15065
34.763 7.13161
34.7759 7.07478
34.7959 6.96248
34.8159 6.85197
34.8359 6.74321
34.8559 6.63618
34.8759 6.53085
34.8959 6.42718
34.9159 6.32517
34.9359 6.22477
34.9559 6.12597
34.9759 6.02873
34.9959 5.93304
35.0159 5.83886
35.0178 5.82332
35.0359 5.76153
35.0378 5.74619
35.0559 5.68522
35.0578 5.67008
35.0759 5.60992
35.0959 5.52088
35.1159 5.43324
35.1259 5.40434
35.1359 5.3756
35.1459 5.347
35.1559 5.31856
35.1659 5.29027
35.1759 5.26213
35.1859 5.23414
35.1959 5.2063
35.2159 5.12366
35.2359 5.04234
35.2559 4.9623
35.2759 4.88354
35.2959 4.80602
35.3159 4.72974
35.3359 4.65466
35.3559 4.58078
35.3759 4.50807
35.3959 4.43652
35.4159 4.3661
35.4359 4.2968
35.4559 4.22859
35.4759 4.16148
35.4959 4.09542
35.5159 4.03042
35.5353 3.96644
35.5359 3.95588
35.5559 3.91391
35.5759 3.85178
35.5959 3.79065
35.5967 3.78055
35.5976 6.54012
35.6159 6.50533
35.6359 6.40208
35.6559 6.30046
35.6629 6.28368
35.6638 6.26695
35.6685 6.25026
35.6693 9.00325
35.6759 11.7489
35.6959 11.6864
35.7159 11.5009
35.7244 11.4397
35.7252 11.4093
35.73 11.3789
35.7308 14.1182
35.7355 16.8503
35.7359 22.3447
35.7363 30.5941
35.7558 33.2823
35.7559 38.7329
35.7758 38.6297
35.7759 38.5269
35.7958 38.1181
35.7959 38.0166
35.8158 37.6132
35.8159 37.5131
35.8358 37.1151
35.8359 37.0162
35.8489 36.9176
35.8559 36.8193
35.8689 36.5259
35.8759 36.4287
35.8889 36.1384
35.8959 36.0422
35.9159 35.4701
35.9359 34.9071
35.9559 34.353
35.9759 33.8077
35.9959 33.2711
36.0159 32.743
36.0359 32.2233
36.0559 31.7118
36.0759 31.2085
36.078 31.1253
36.0959 30.7951
36.098 30.7131
36.1159 30.3872
36.118 30.3063
36.1359 29.9848
36.138 29.9049
36.1559 29.5876
36.158 29.5088
36.1614 32.1999
36.1759 32.0286
36.178 31.9433
36.1814 34.6279
36.1959 34.4437
36.198 34.352
36.2014 37.0301
36.2159 36.8331
36.218 36.7351
36.2214 39.4069
36.2359 39.1973
36.2367 39.0929
36.238 41.7584
36.2414 47.1865
36.2559 47.0608
36.2567 49.7051
36.258 55.112
36.2759 54.9652
36.2767 54.8189
36.278 57.4425
36.2959 57.137
36.298 56.9848
36.3159 56.3802
36.3359 55.4853
36.3559 54.6046
36.3759 53.7379
36.3959 52.8849
36.4159 52.0455
36.4359 51.2194
36.4559 50.4064
36.4759 49.6063
36.4795 49.4742
36.4959 48.9493
36.4995 48.8189
36.5159 48.301
36.5195 48.1723
36.5359 47.6612
36.5395 47.5343
36.5559 47.03
36.5595 46.9047
36.5759 46.4071
36.5959 45.6704
36.6159 44.9455
36.6359 44.2321
36.6492 43.8797
36.6559 43.7628
36.6692 43.4141
36.6759 43.2985
36.6892 42.9535
36.6959 42.8391
36.7092 42.4978
36.7159 42.3846
36.7292 42.0469
36.7359 41.9349
36.7492 41.6007
36.7559 41.49
36.7692 41.1594
36.7759 41.0498
36.7892 40.7227
36.7959 40.6142
36.8092 40.2906
36.8159 40.1833
36.8292 39.8631
36.8359 39.757
36.8492 39.4402
36.8559 39.3351
36.8692 39.0217
36.8759 38.9178
36.8892 38.6077
36.8959 38.5049
36.9092 38.1981
36.9159 38.0963
36.9292 37.7928
36.9359 37.6921
36.9492 37.3918
36.9559 37.2922
36.9658 37.0939
36.9692 36.9951
36.9759 36.8966
36.9892 36.6026
36.9959 36.5051
37.0092 36.2142
37.0159 36.1178
37.0273 35.83
37.0281 35.7346
37.0292 38.409
37.0359 41.0764
37.0492 40.967
37.0559 40.8579
37.0692 40.5323
37.0759 40.4244
37.0888 40.1023
37.0892 39.9955
37.0896 42.6586
37.0944 45.3146
37.0952 50.7332
37.0959 58.9071
37.1092 64.2895
37.1159 69.6575
37.1292 69.472
37.1359 69.287
37.1492 68.9185
37.1503 68.7349
37.1559 68.5519
37.1692 68.1872
37.1759 68.0056
37.1892 67.4638
37.1959 67.2841
37.2159 66.2161
37.2359 65.1651
37.2559 64.1308
37.2759 63.1128
37.2959 62.1111
37.3159 61.1252
37.32 60.9624
37.3359 60.3156
37.34 60.155
37.3559 59.5167
37.36 59.3582
37.3759 58.7284
37.38 58.572
37.3855 58.4161
37.3959 58.1053
37.4055 57.7963
37.4159 57.4888
37.4255 57.183
37.4359 56.8789
37.4476 56.4257
37.4559 56.1255
37.4676 55.6783
37.4759 55.3822
37.4876 54.9409
37.4959 54.6486
37.4984 54.5031
37.5076 54.3579
37.5159 54.0688
37.5184 53.9248
37.5359 53.3527
37.5384 53.2106
37.5559 52.646
37.5584 52.5058
37.5759 51.9487
37.5784 51.8104
37.5959 51.2607
37.5984 51.1242
37.6159 50.5817
37.6184 50.447
37.6359 49.9118
37.6384 49.7789
37.6559 49.2507
37.6759 48.469
37.6959 47.6996
37.7159 46.9425
37.7359 46.1974
37.7559 45.4641
37.767 45.1019
37.7759 44.862
37.7959 44.1499
37.8159 43.4491
37.8285 43.1029
37.8293 42.9881
37.8359 42.8736
37.8559 42.3058
37.8759 41.6343
37.89 41.1925
37.8908 41.0828
37.8955 40.9734
37.8959 43.634
37.8963 49.057
37.9159 48.9264
37.9223 48.7961
37.9359 48.4073
37.9423 48.2784
37.9514 48.0216
37.9523 47.8937
37.9559 50.5358
37.957 53.1708
37.9623 58.5685
37.967 63.9518
37.9759 66.5511
37.9823 69.1435
37.987 71.729
37.9959 71.538
38.0023 71.3475
38.007 71.1575
38.0159 70.968
38.027 70.5905
38.0359 70.215
38.0559 69.1005
38.0587 68.9165
38.0759 68.1853
38.0787 68.0037
38.0959 67.2822
38.0987 67.103
38.1159 66.3911
38.1359 65.3373
38.1559 64.3002
38.1759 63.2796
38.1959 62.2751
38.2159 61.2867
38.2359 60.3139
38.2559 59.3565
38.2759 58.4144
38.2959 57.4872
38.3159 56.5747
38.3354 55.6767
38.3363 55.5285
38.3554 54.9393
38.3563 54.793
38.3659 54.6471
38.3754 54.3564
38.3763 54.2116
38.3859 54.0673
38.3959 53.7797
38.4059 53.4936
38.4159 53.2091
38.4259 52.9261
38.4359 52.6445
38.4459 52.3645
38.4559 52.086
38.4659 51.8089
38.4759 51.5333
38.4959 50.7154
38.5159 49.9104
38.5359 49.1182
38.5559 48.3385
38.5759 47.5713
38.5783 47.4446
38.5959 46.9412
38.6159 46.1961
38.6359 45.4629
38.6429 45.3418
38.6438 45.221
38.6559 45.1006
38.6759 44.3847
38.6959 43.6802
38.7044 43.4479
38.7052 43.3322
38.71 43.2168
38.7108 45.8713
38.7159 48.5188
38.7359 48.2607
38.7559 47.4947
38.7659 47.2421
38.7667 47.1163
38.7714 46.9908
38.7759 49.6353
38.7783 52.2727
38.7959 52.1335
38.8118 51.5804
38.8159 51.443
38.8318 50.8972
38.8359 50.7617
38.8518 50.2231
38.8559 50.0894
38.8718 49.5579
38.8759 49.4259
38.8918 48.9015
38.8959 48.7713
38.9048 48.6414
38.9118 48.5119
38.9159 48.3827
38.9248 48.2538
38.9318 48.1253
38.9359 47.9972
38.9448 47.8693
38.9518 47.7419
38.9559 47.6147
38.9648 47.4879
38.9718 47.3614
38.9759 47.2353
38.9848 47.1095
38.9918 46.9841
38.9959 46.8589
39.0118 46.3618
39.0159 46.2383
39.0318 45.7477
39.0359 45.6259
39.0518 45.1418
39.0559 45.0216
39.0669 44.7821
39.0718 44.6628
39.0759 44.5439
39.0918 44.0713
39.0959 43.9539
39.1118 43.4876
39.1159 43.3718
39.1284 43.0262
39.1293 42.9116
39.1318 45.5669
39.1359 48.2152
39.1518 48.0868
39.1559 47.9588
39.1718 47.4499
39.1759 47.3236
39.1899 46.9465
39.1908 46.8215
39.1918 49.4664
39.1959 52.1043
39.2118 51.9656
39.2159 51.8272
39.2263 51.5515
39.2318 51.4142
39.2359 51.2773
39.2463 51.0045
39.2518 50.8687
39.2559 50.7332
39.2663 50.4634
39.2718 50.329
39.2759 50.1949
39.2863 49.928
39.2918 49.795
39.2959 49.6624
39.3063 49.3982
39.3159 49.1355
39.3247 48.8741
39.3263 48.7439
39.3359 48.6141
39.3447 48.3556
39.3463 48.2268
39.3559 48.0983
39.3647 47.8425
39.3663 47.7151
39.3759 47.588
39.3863 47.3349
39.3959 47.0831
39.4063 46.8327
39.4159 46.5836
39.4263 46.3358
39.4359 46.0893
39.4463 45.8442
39.4559 45.6003
39.4663 45.3578
39.4759 45.1165
39.4863 44.8765
39.4959 44.6378
39.5063 44.4004
39.5159 44.1642
39.5263 43.9293
39.5359 43.6956
39.5463 43.4632
39.5559 43.232
39.5663 43.002
39.5759 42.7733
39.5863 42.5458
39.5959 42.3195
39.6063 42.0944
39.6159 41.8705
39.6227 41.759
39.6245 41.6478
39.6263 44.3065
39.6359 44.1885
39.6427 44.0708
39.6445 46.7231
39.6463 49.3683
39.6559 52.0065
39.6627 51.868
39.6645 54.4995
39.6663 59.8936
39.6759 62.5038
39.6845 62.3373
39.6863 64.9409
39.6959 64.768
39.7045 64.5955
39.7063 64.4235
39.7159 64.2519
39.7245 64.0808
39.7263 63.9101
39.7319 63.7399
39.7359 63.5702
39.7445 63.4009
39.7463 66.0017
39.7519 68.5956
39.7559 71.1825
39.7645 70.993
39.7663 73.5735
39.7719 76.1472
39.7759 78.7141
39.7845 81.2741
39.7863 83.8273
39.7959 86.3737
39.8063 86.1437
39.8159 85.9143
39.8263 85.4573
39.8359 85.0027
39.8463 84.5506
39.8559 84.1008
39.8663 83.6535
39.8759 83.2085
39.8863 82.7659
39.8959 82.3257
39.9063 81.8878
39.9159 81.4522
39.9263 81.019
39.9359 80.588
39.9463 80.1593
39.9559 79.733
39.9663 79.3089
39.9759 78.887
39.9863 78.4674
39.9959 78.05
40.0003 77.8422
40.0063 77.6349
40.0159 77.2219
40.0203 77.0163
40.0263 76.8112
40.0359 76.4026
40.0403 76.1991
40.0463 75.9962
40.0559 75.592
40.0603 75.3906
40.0663 75.1899
40.0759 74.7899
40.0863 74.3921
40.0959 73.9964
40.1063 73.6028
40.1159 73.2113
40.1263 72.8219
40.1268 72.6279
40.1359 72.4345
40.1463 72.0492
40.1559 71.666
40.1663 71.2848
40.1759 70.9056
40.1863 70.5285
40.1934 70.3406
40.1942 70.1533
40.1959 72.7361
40.2063 72.5424
40.2159 72.3492
40.2263 71.9644
40.2359 71.5816
40.2463 71.2009
40.2548 70.8221
40.2557 70.6335
40.2559 73.2151
40.2604 75.7897
40.2612 81.1272
40.2663 86.4504
40.2759 91.7594
40.2959 91.5151
40.2967 91.2714
40.3159 90.303
40.3163 90.0625
40.3167 92.5923
40.3172 97.885
40.3219 103.164
40.3268 111.198
40.3359 116.441
40.3367 124.44
40.3468 129.648
40.3559 132.072
40.3567 137.26
40.3668 139.664
40.3759 142.061
40.3767 147.222
40.3868 149.6
40.3959 149.201
40.4068 148.804
40.4159 148.013
40.4268 146.833
40.4359 146.052
40.4468 144.888
40.4559 144.118
40.4668 142.969
40.4759 142.209
40.4868 141.076
40.4959 140.325
40.5068 139.207
40.5159 138.467
40.5214 138.098
40.5268 137.73
40.5359 136.998
40.5414 136.633
40.5468 136.269
40.5559 135.544
40.5614 135.183
40.5668 134.823
40.5759 134.106
40.5868 133.037
40.5959 132.33
40.6068 131.275
40.6118 130.926
40.6159 130.577
40.6268 129.883
40.6318 129.537
40.6359 129.192
40.6468 128.505
40.6518 128.162
40.6559 127.821
40.6668 127.141
40.6718 126.802
40.6759 126.465
40.6868 125.792
40.6918 125.457
40.6959 125.123
40.7068 124.457
40.7118 124.126
40.7159 123.795
40.7268 123.137
40.7318 122.809
40.7359 122.482
40.7468 121.83
40.7518 121.506
40.7559 121.182
40.7668 120.538
40.7718 120.217
40.7759 119.897
40.7868 119.259
40.7918 118.941
40.7959 118.625
40.8068 117.994
40.8118 117.679
40.8159 117.366
40.8268 116.742
40.8318 116.431
40.8359 116.121
40.8468 115.503
40.8518 115.196
40.8559 114.889
40.8668 114.278
40.8718 113.973
40.8759 113.67
40.8868 113.065
40.8918 112.764
40.8959 112.464
40.9068 111.866
40.9118 111.568
40.9159 111.27
40.9268 110.679
40.9318 110.384
40.9359 110.09
40.9468 109.504
40.9518 109.213
40.9559 108.922
40.9668 108.342
40.9718 108.054
40.9759 107.766
40.9868 107.193
40.9886 106.908
40.9918 109.392
40.9959 111.871
41.0068 111.573
41.0086 114.045
41.0118 116.511
41.0159 118.971
41.0268 118.654
41.0286 121.107
41.0318 123.555
41.0359 128.765
41.0468 131.192
41.0486 133.612
41.0518 138.795
41.0559 143.965
41.0668 146.351
41.0759 145.961
41.0868 145.573
41.0959 144.798
41.1068 143.645
41.1159 142.881
41.1268 141.742
41.1359 140.988
41.1468 139.865
41.1559 139.121
41.1668 138.012
41.1759 137.278
41.1868 136.184
41.1959 135.46
41.2068 134.38
41.2159 133.666
41.2268 132.601
41.2359 131.895
41.2468 130.844
41.2559 130.148
41.2668 129.111
41.2759 128.425
41.2868 127.401
41.2959 126.724
41.3068 125.714
41.3159 125.045
41.3268 124.049
41.3301 123.718
41.3359 123.389
41.3468 122.733
41.3501 122.406
41.3536 122.08
41.3559 124.524
41.3668 124.193
41.3701 123.862
41.3736 126.302
41.3759 128.735
41.3868 128.392
41.3901 130.82
41.3936 133.241
41.3959 138.426
41.4068 140.827
41.4101 143.221
41.4159 145.609
41.4268 145.222
41.4301 144.835
41.4359 144.449
41.4468 144.065
41.4559 143.298
41.4668 142.156
41.4759 141.4
41.4868 140.274
41.4959 139.527
41.5068 138.416
41.5159 137.679
41.5268 136.582
41.5359 135.856
41.5468 134.773
41.5559 134.057
41.5668 132.988
41.5759 132.281
41.5868 131.227
41.5959 130.529
41.6068 129.489
41.6159 128.8
41.6268 127.774
41.6359 127.094
41.6468 126.081
41.6511 125.746
41.6559 125.411
41.6668 124.744
41.6711 124.412
41.6759 124.08
41.6868 123.42
41.6911 123.092
41.6959 122.764
41.7068 122.111
41.7159 121.461
41.7268 120.493
41.7359 119.852
41.7468 118.897
41.7559 118.265
41.7668 117.323
41.7759 116.699
41.7868 115.769
41.7959 115.153
41.8068 114.235
41.8159 113.628
41.8181 113.325
41.8268 113.023
41.8359 112.422
41.8381 112.123
41.8468 111.824
41.8559 111.229
41.8581 110.933
41.8668 110.638
41.8759 110.049
41.8868 109.172
41.8959 108.592
41.9068 107.726
41.9159 107.153
41.9268 106.3
41.9359 105.734
41.9468 104.892
41.9559 104.334
41.9668 103.502
41.9759 102.952
41.9837 102.678
41.9868 102.404
41.9959 102.132
42.0037 101.86
42.0068 101.588
42.0159 101.318
42.0237 101.048
42.0268 100.779
42.0359 100.51
42.0468 99.7096
42.0559 99.1792
42.0668 98.3889
42.0759 97.8656
42.0868 97.0858
42.0959 96.5694
42.1068 95.7999
42.1159 95.2903
42.1268 94.531
42.1359 94.0282
42.1468 93.279
42.1559 92.7828
42.1668 92.0435
42.1759 91.5539
42.1868 90.8244
42.1959 90.3413
42.2068 89.6215
42.2159 89.1448
42.2268 88.4344
42.2359 87.964
42.2468 87.2631
42.2559 86.799
42.2586 86.5678
42.2668 86.3373
42.2759 85.878
42.2786 85.6493
42.2868 85.4212
42.2959 84.9669
42.2986 84.7406
42.3068 84.5149
42.3159 84.0654
42.3186 83.8415
42.3268 83.6182
42.3359 83.1734
42.3386 82.9519
42.3468 82.731
42.3559 82.291
42.3668 81.6353
42.3759 81.201
42.3855 80.7691
42.3868 80.554
42.3959 80.3395
42.4055 79.9122
42.4068 79.6994
42.4159 79.4871
42.4255 79.0643
42.4268 78.8537
42.4359 78.6437
42.4455 78.2254
42.4468 78.0171
42.4473 80.579
42.4559 83.134
42.4655 82.9126
42.4668 85.4615
42.4673 90.7731
42.4759 93.301
42.4855 93.0526
42.4868 95.5744
42.4873 100.859
42.4959 103.36
42.5055 105.855
42.5068 108.342
42.5159 110.823
42.5255 110.528
42.5268 113.004
42.5359 112.703
42.5455 112.402
42.5468 112.103
42.5559 111.805
42.5655 111.21
42.5668 110.914
42.5759 110.618
42.5868 110.03
42.5959 109.445
42.6068 108.573
42.6159 107.995
42.6268 107.135
42.6359 106.565
42.6468 105.716
42.6559 105.153
42.6668 104.315
42.6759 103.761
42.6868 102.934
42.6959 102.386
42.7068 101.57
42.7159 101.03
42.7268 100.225
42.7359 99.6921
42.7468 98.8977
42.7559 98.3717
42.7668 97.5878
42.7759 97.0687
42.779 96.8102
42.7868 96.5524
42.7959 96.0389
42.799 95.7831
42.8068 95.528
42.8159 95.0199
42.819 94.7668
42.8268 94.5145
42.8359 94.0117
42.839 93.7614
42.8468 93.5117
42.8559 93.0143
42.859 92.7666
42.8668 92.5195
42.8759 92.0274
42.879 91.7823
42.8868 91.5379
42.8959 91.051
42.899 90.8085
42.9068 90.5667
42.9159 90.0849
42.919 89.845
42.9268 89.6057
42.9359 89.1291
42.939 88.8918
42.9468 88.655
42.9559 88.1835
42.959 87.9486
42.9668 87.7144
42.9759 87.2478
42.979 87.0155
42.9868 86.7838
42.9959 86.3221
42.999 86.0923
43.0068 85.863
43.0159 85.4063
43.019 85.1788
43.0268 84.952
43.0359 84.5001
43.039 84.2751
43.0468 84.0506
43.0559 83.6036
43.059 83.3809
43.0668 83.1589
43.0759 82.7165
43.079 82.4962
43.0868 82.2766
43.0959 81.8389
43.099 81.621
43.1068 81.4036
43.1159 80.9706
43.1268 80.3254
43.1359 79.8982
43.1468 79.2615
43.1559 78.8399
43.1668 78.2117
43.1759 77.7957
43.1868 77.1758
43.1959 76.7653
43.2068 76.1536
43.2159 75.7486
43.2268 75.145
43.2359 74.7453
43.2468 74.1497
43.2559 73.7553
43.2668 73.1676
43.2759 72.7784
43.2868 72.1985
43.2959 71.8145
43.3068 71.2423
43.3159 70.8633
43.3268 70.2987
43.3359 69.9247
43.3468 69.3676
43.3559 68.9986
43.3668 68.4488
43.3742 68.2665
43.3759 68.0847
43.3868 67.9034
43.3942 67.7226
43.3959 67.5422
43.4068 67.3623
43.4142 67.1829
43.4159 67.004
43.4268 66.8256
43.4342 66.6476
43.4359 66.4701
43.4402 66.2931
43.4468 66.1166
43.4542 65.9405
43.4559 68.5345
43.4602 71.1217
43.4668 73.7019
43.4742 73.5056
43.4759 76.0795
43.4802 78.6465
43.4868 81.2067
43.4942 83.7601
43.4959 86.3067
43.5068 86.0768
43.5142 85.8476
43.5159 88.3886
43.5268 88.1532
43.5342 87.9185
43.5359 87.6843
43.5468 87.4508
43.5542 87.2179
43.5559 86.9856
43.5668 86.754
43.5742 86.523
43.5759 86.2925
43.5868 86.0627
43.5942 85.8335
43.5959 85.605
43.6068 85.377
43.6142 85.1496
43.6159 84.9228
43.6268 84.6967
43.6342 84.4711
43.6359 84.2462
43.6468 84.0218
43.6542 83.7981
43.6559 83.5749
43.6668 83.3523
43.6742 83.1303
43.6759 82.909
43.6868 82.6882
43.6942 82.468
43.6959 82.2483
43.7068 82.0293
43.7142 81.8108
43.7159 81.593
43.7268 81.3757
43.7342 81.159
43.7359 80.9428
43.7468 80.7273
43.7542 80.5123
43.7559 80.2979
43.7668 80.084
43.7742 79.8708
43.7759 79.6581
43.7868 79.4459
43.7942 79.2343
43.7959 79.0233
43.8068 78.8129
43.8142 78.603
43.8159 78.3937
43.8268 78.1849
43.8342 77.9767
43.8359 77.769
43.8468 77.5619
43.8529 77.3554
43.8542 77.1494
43.8559 79.7135
43.8668 79.5012
43.8729 79.2895
43.8742 81.848
43.8759 84.3997
43.8868 84.1749
43.8929 83.9507
43.8942 86.4968
43.8959 91.8057
43.9068 94.3309
43.9129 96.8493
43.9142 99.361
43.9159 104.636
43.9268 107.127
43.9329 109.611
43.9342 114.858
43.9359 122.861
43.9468 128.074
43.9529 130.502
43.9542 135.694
43.9559 143.641
43.9668 148.798
43.9729 153.941
43.9742 161.84
43.9759 169.718
43.9868 174.805
43.9929 179.879
43.9942 187.709
43.9959 198.288
44.0068 206.068
44.0129 213.829
44.0142 221.568
44.0159 232.057
44.0268 239.747
44.0359 247.418
44.0468 252.298
44.0559 254.396
44.0668 253.719
44.0759 253.043
44.0868 251.027
44.0959 249.691
44.1068 247.702
44.1159 246.384
44.1268 244.421
44.1359 243.121
44.1468 241.184
44.1559 239.901
44.1668 237.989
44.1759 236.723
44.1868 234.837
44.1959 233.588
44.2068 231.727
44.2159 230.494
44.2268 228.658
44.2359 227.441
44.2468 225.629
44.2559 224.429
44.2668 222.641
44.2759 221.456
44.2868 219.692
44.2959 218.523
44.3068 216.782
44.3159 215.629
44.3268 213.911
44.3281 213.341
44.3359 212.773
44.3468 211.641
44.3481 211.078
44.3559 210.515
44.3668 209.396
44.3681 208.838
44.3759 208.282
44.3868 207.174
44.3881 206.622
44.3959 206.072
44.4068 204.976
44.4159 203.886
44.4268 202.261
44.4359 201.185
44.4468 199.582
44.4559 198.52
44.4668 196.939
44.4759 195.891
44.4868 194.33
44.4959 193.297
44.5068 191.756
44.5159 190.736
44.5268 189.217
44.5359 188.21
44.5468 186.71
44.5559 185.717
44.5668 184.237
44.5759 183.257
44.5868 181.797
44.5959 180.83
44.6068 179.389
44.6159 178.435
44.6268 177.013
44.6359 176.072
44.6468 174.669
44.6559 173.74
44.6668 172.355
44.6759 171.439
44.6847 170.527
44.6868 170.073
44.6959 169.62
44.7047 168.717
44.7068 168.268
44.7159 167.82
44.7247 166.927
44.7268 166.483
44.7359 166.039
44.7468 164.716
44.7559 163.84
44.7668 162.535
44.7759 161.67
44.7868 160.382
44.7959 159.529
44.8068 158.258
44.8159 157.416
44.8268 156.162
44.8359 155.331
44.8468 154.093
44.8559 153.274
44.8668 152.052
44.8714 151.648
44.8759 151.244
44.8868 150.439
44.8914 150.039
44.8959 149.639
44.9068 148.843
44.9114 148.447
44.9159 148.051
44.9268 147.264
44.9314 146.872
44.9359 146.48
44.9468 145.701
44.9514 145.313
44.9559 144.926
44.9668 144.155
44.9714 143.772
44.9759 143.389
44.9868 142.626
44.9959 141.867
45.0068 140.737
45.0159 139.988
45.0221 139.615
45.0268 139.244
45.0359 138.873
45.0421 138.503
45.0468 138.134
45.0559 137.766
45.0621 137.399
45.0668 137.034
45.0759 136.669
45.0821 136.305
45.0868 135.942
45.0959 135.58
45.1068 134.499
45.1159 133.784
45.1268 132.718
45.1359 132.012
45.1468 130.96
45.1559 130.263
45.1668 129.225
45.1759 128.538
45.1868 127.514
45.1959 126.836
45.2068 125.825
45.2105 125.49
45.2159 125.156
45.2268 124.49
45.2305 124.158
45.2359 123.828
45.2468 123.169
45.2505 122.841
45.2559 122.514
45.2668 121.862
45.2705 121.538
45.2759 121.214
45.2868 120.569
45.2905 120.248
45.2959 119.928
45.3068 119.29
45.3105 118.972
45.3159 118.656
45.3268 118.024
45.3305 117.71
45.3359 117.397
45.3468 116.772
45.3505 116.461
45.3559 116.151
45.3668 115.533
45.3705 115.226
45.3759 114.919
45.3868 114.307
45.3905 114.003
45.3959 113.699
45.4068 113.095
45.4105 112.794
45.4159 112.493
45.4268 111.895
45.4359 111.3
45.4468 110.413
45.4559 109.825
45.4668 108.95
45.4759 108.371
45.4868 107.507
45.4959 106.935
45.5068 106.083
45.5159 105.519
45.5268 104.678
45.5359 104.122
45.5468 103.292
45.5559 102.742
45.5668 101.924
45.5759 101.382
45.5868 100.574
45.5959 100.039
45.6159 98.451
45.6359 96.8883
45.6559 95.3504
45.6759 93.837
45.695 92.3475
45.6959 92.1016
45.715 91.1244
45.7159 90.8817
45.735 89.9175
45.7359 89.678
45.755 88.7265
45.7559 88.4902
45.775 87.5514
45.7759 87.3182
45.795 86.3917
45.7959 86.1617
45.8119 85.4751
45.815 85.2475
45.8159 87.7901
45.8319 87.3232
45.835 87.0906
45.8359 89.6283
45.8519 89.1516
45.855 88.9141
45.8559 91.447
45.8653 91.2035
45.8759 90.9606
45.8853 90.4767
45.8959 89.9955
45.9053 89.5168
45.9159 89.0406
45.9253 88.567
45.9359 88.0959
45.9453 87.6273
45.9559 87.1612
45.9653 86.6976
45.9759 86.2364
45.9853 85.7777
45.9959 85.3215
46.0053 84.8676
46.0159 84.4162
46.0253 83.9672
46.0359 83.5206
46.0559 82.1949
46.0759 80.8902
46.0959 79.6063
46.1159 78.3427
46.1359 77.0992
46.1559 75.8754
46.1759 74.6711
46.1959 73.4858
46.2159 72.3194
46.2359 71.1715
46.2559 70.0418
46.2759 68.9301
46.2959 67.836
46.3159 66.7592
46.3359 65.6996
46.3559 64.6568
46.3759 63.6305
46.3959 62.6205
46.4159 61.6266
46.4359 60.6484
46.4559 59.6857
46.4759 58.7383
46.4959 57.806
46.5159 56.8885
46.5359 55.9855
46.5559 55.0969
46.5759 54.2223
46.5959 53.3617
46.6159 52.5147
46.6318 51.9575
46.6359 51.8191
46.6559 51.1328
46.6759 50.3212
46.6932 49.6547
46.6941 49.5225
46.6959 52.1602
46.7159 51.7446
46.7359 50.9233
46.7547 50.2488
46.7559 50.115
46.7759 49.5833
46.7959 48.7962
46.8159 48.0217
46.8359 47.2595
46.8559 46.5093
46.8759 45.7711
46.8959 45.0446
46.9159 44.3296
46.9359 43.626
46.9559 42.9335
46.9759 42.2521
46.9959 41.5814
47.0159 40.9214
47.0359 40.2719
47.0559 39.6326
47.0759 39.0036
47.0959 38.3845
47.1159 37.7752
47.1359 37.1756
47.1559 36.5855
47.1759 36.0048
47.1959 35.4333
47.2159 34.8709
47.2359 34.3174
47.2504 33.9533
47.2559 33.8629
47.2704 33.5036
47.2759 33.4144
47.2904 33.0599
47.2959 32.9718
47.3159 32.4485
47.3359 31.9334
47.3559 31.4266
47.3759 30.9277
47.3959 30.4368
47.4159 29.9537
47.4359 29.4783
47.4559 29.0104
47.4759 28.5499
47.4959 28.0967
47.5159 27.6508
47.5359 27.2119
47.5491 26.995
47.5559 26.9232
47.5691 26.7086
47.5759 26.6375
47.5891 26.4252
47.5959 26.3549
47.6159 25.9366
47.6359 25.5249
47.6559 25.1197
47.6759 24.721
47.6959 24.3286
47.7159 23.9425
47.7359 23.5624
47.7559 23.1884
47.7759 22.8204
47.7959 22.4581
47.8159 22.1017
47.8359 21.7509
47.8559 21.4056
47.8759 21.0658
47.8959 20.7315
47.9159 20.4024
47.9359 20.0786
47.9559 19.7599
47.9759 19.4462
47.9959 19.1376
48.0159 18.8338
48.0359 18.5349
48.0559 18.2407
48.0759 17.9511
48.0959 17.6662
48.1159 17.3858
48.1336 17.1555
48.1359 17.1098
48.1559 16.8832
48.1759 16.6152
48.1951 16.3515
48.1959 16.308
48.1959 19.0342
48.2159 18.9329
48.2359 18.6324
48.2559 18.3367
48.2759 18.0456
48.2959 17.7592
48.3159 17.4773
48.3359 17.1999
48.3559 16.9269
48.3759 16.6582
48.3959 16.3938
48.3986 16.3501
48.4159 16.1767
48.4186 16.1336
48.4359 15.9624
48.4386 15.9199
48.4559 15.751
48.4759 15.501
48.4959 15.2549
48.5159 15.0128
48.5359 14.7745
48.5559 14.54
48.5759 14.3092
48.5959 14.0821
48.6159 13.8585
48.6359 13.6386
48.6559 13.4221
48.6759 13.2091
48.6959 12.9994
48.7159 12.7931
48.7359 12.59
48.7559 12.3902
48.7759 12.1935
48.7959 11.9999
48.8119 11.8726
48.8159 11.841
48.8359 11.6842
48.8559 11.4987
48.8733 11.3464
48.8742 11.3162
48.8759 14.0557
48.8959 13.9437
48.9159 13.7224
48.9348 13.5046
48.9359 13.4686
48.9559 13.3257
48.9759 13.1142
48.9959 12.906
49.0159 12.7012
49.0359 12.4996
49.0559 12.3012
49.0759 12.1059
49.0959 11.9138
49.1159 11.7247
49.1359 11.5386
49.1559 11.3554
49.1759 11.1752
49.1959 10.9978
49.2159 10.8232
49.2359 10.6514
49.2559 10.4824
49.2759 10.316
49.2959 10.1522
49.3159 9.9911
49.3359 9.83252
49.3559 9.67645
49.3759 9.52286
49.3959 9.37171
49.4159 9.22295
49.4359 9.07656
49.4559 8.93249
49.4759 8.79071
49.4959 8.65117
49.5062 8.60516
49.5159 8.55939
49.5359 8.42353
49.5559 8.28982
49.5677 8.22377
49.5685 8.20187
49.5759 8.18002
49.5959 8.07168
49.6159 7.94356
49.6292 7.88027
49.63 7.85928
49.6359 7.83835
49.6559 7.75519
49.6759 7.63209
49.6959 7.51095
49.7159 7.39173
49.7359 7.2744
49.7559 7.15894
49.7759 7.04531
49.7959 6.93348
49.8159 6.82343
49.8359 6.71512
49.8559 6.60853
49.8759 6.50364
49.8959 6.40041
49.9159 6.29882
49.9359 6.19884
49.9471 6.14944
49.9559 6.11673
49.9759 6.01965
49.9959 5.9241
