0.68048 1040
0.702955 0
0.709334 1040
0.733589 0
0.739968 1040
0.745514 2080
0.751061 3120
0.764443 2080
0.765275 3120
0.770822 4160
0.776368 5200
0.781915 6240
0.793077 5200
0.793909 6240
0.799456 7280
0.805002 8320
0.810549 9360
0.816096 10400
0.821642 11440
0.827189 12480
0.83945 11440
0.840282 12480
0.845829 13520
0.851376 14560
0.856922 15600
0.862469 16640
0.868016 17680
0.87273 16640
0.873562 17680
0.878277 16640
0.881824 17680
0.88737 16640
0.967024 15600
1.04828 12480
1.11689 0
1.17746 1040
1.17829 2080
1.17913 3120
1.17996 4160
1.18079 5200
1.18423 6240
1.21166 2080
1.21249 3120
1.21333 4160
1.21416 5200
1.23529 3120
1.25276 4160
1.27611 3120
1.29358 4160
1.31294 5200
1.3415 6240
1.35931 5200
1.38788 6240
1.40169 7280
1.4358 8320
1.45361 7280
1.48772 8320
1.50153 9360
1.54673 10400
1.55899 9360
1.6042 10400
1.61246 11440
1.66321 12480
1.67547 11440
1.72622 12480
1.73449 13520
1.76777 12480
1.79633 13520
1.80305 12480
1.86489 13520
1.86761 14560
1.93617 9360
1.95835 8320
2.00356 9360
2.0451 3120
2.04593 4160
2.04759 5200
2.04843 6240
2.04926 7280
2.06374 6240
2.08043 5200
2.12275 0
2.17639 1040
2.17722 2080
2.17806 3120
2.17889 4160
2.19971 5200
2.22518 4160
2.23622 3120
2.2675 4160
2.28414 3120
2.29051 4160
2.31387 3120
2.3147 4160
2.3507 5200
2.39707 1040
2.40899 2080
2.46918 1040
2.48665 2080
2.49136 1040
2.5171 2080
2.52347 3120
2.54128 2080
2.5892 1040
2.60113 2080
2.63008 0
2.65576 1040
2.67323 2080
2.69157 1040
2.7137 0
2.71454 1040
2.7228 2080
2.75136 3120
2.76362 2080
2.78664 3120
2.7949 4160
2.82902 5200
2.84128 4160
2.86984 5200
2.8781 6240
2.92331 7280
2.93002 6240
2.96968 7280
2.9724 8320
2.97794 7280
3.02315 8320
3.02986 7280
3.07507 8320
3.07784 9360
3.12221 4160
3.13525 3120
3.17408 2080
3.19981 1040
3.20064 2080
3.20536 3120
3.21845 2080
3.21928 3120
3.26637 4160
3.2672 5200
3.32389 0
3.34769 1040
3.34957 2080
3.3615 3120
3.38538 2080
3.39176 3120
3.40751 1040
3.42215 2080
3.43962 3120
3.46298 2080
3.4749 3120
3.49426 4160
3.52199 3120
3.52282 4160
3.54063 3120
3.56365 4160
3.57746 5200
3.62383 3120
3.6524 4160
3.6829 2080
3.70703 1040
3.74669 2080
3.75495 3120
3.75578 4160
3.77914 3120
3.81242 2080
3.82434 3120
3.8326 4160
3.84453 5200
3.86234 4160
3.9158 3120
3.93328 4160
3.96778 0
3.99158 1040
3.99346 2080
4.01648 3120
4.03428 2080
4.04066 3120
4.0514 2080
4.06604 3120
4.10015 4160
4.11241 3120
4.12434 4160
4.14369 5200
4.18335 6240
4.19561 5200
4.21863 6240
4.23244 7280
4.28319 8320
4.28991 7280
4.31847 8320
4.33228 9360
4.34892 8320
4.38858 9360
4.39529 8320
4.4294 9360
4.44321 10400
4.49873 5200
4.50623 4160
4.55143 5200
4.58188 2080
4.58271 3120
4.58438 4160
4.58521 5200
4.58743 6240
4.59497 5200
4.61161 4160
4.64572 5200
4.65399 6240
4.677 7280
4.68927 6240
4.74479 1040
4.74828 2080
4.78239 3120
4.81129 0
4.81296 1040
4.81379 2080
4.81462 3120
4.82039 4160
4.86004 5200
4.87278 3120
4.8958 4160
4.90406 5200
4.95598 4160
4.99009 5200
4.99281 6240
4.99364 7280
5.04473 6240
5.08439 7280
5.0871 8320
5.09348 9360
5.10929 8320
5.14457 7280
5.18977 8320
5.19249 9360
5.20996 10400
5.24995 6240
5.31457 5200
5.34225 1040
5.34308 2080
5.34474 3120
5.34558 4160
5.34979 3120
5.35063 4160
5.40326 5200
5.43299 4160
5.43937 5200
5.49206 6240
5.52174 3120
5.53921 4160
5.58636 5200
5.60494 4160
5.62158 3120
5.62796 4160
5.67505 5200
5.68697 6240
5.69369 5200
5.71593 4160
5.76379 0
5.80628 1040
5.80712 2080
5.80795 3120
5.80878 4160
5.80961 5200
5.82328 3120
5.8463 4160
5.86611 1040
5.88913 2080
5.90294 3120
5.93822 2080
5.97233 3120
5.98059 4160
5.98142 5200
5.99723 4160
6.01587 3120
6.05553 4160
6.06379 5200
6.07017 6240
6.09907 5200
6.14982 6240
6.16923 4160
6.19336 3120
6.24966 4160
6.25238 5200
6.27656 4160
6.32094 3120
6.34112 4160
6.34195 5200
6.36531 4160
6.36614 5200
6.4307 6240
6.50952 0
6.51119 1040
6.51202 2080
6.51285 3120
6.51307 4160
6.51368 5200
6.52499 6240
6.57101 1040
6.57739 2080
6.59674 3120
6.60429 2080
6.60784 3120
6.62531 4160
6.64312 3120
6.66059 4160
6.6744 5200
6.68194 4160
6.68549 5200
6.70851 6240
6.72632 5200
6.74934 6240
6.76314 7280
6.77069 6240
6.77424 7280
6.80752 6240
6.80835 7280
6.82061 6240
6.84918 7280
6.86298 8320
6.87053 7280
6.87408 8320
6.92045 7280
6.96011 8320
6.97592 7280
6.99616 5200
7.01829 4160
7.01912 5200
7.02584 4160
7.08485 5200
7.10232 6240
7.11458 5200
7.1736 6240
7.19662 7280
7.23667 1040
7.26434 0
7.26601 1040
7.26684 2080
7.26767 3120
7.26789 4160
7.302 5200
7.30872 4160
7.32583 2080
7.33776 3120
7.35156 4160
7.39122 5200
7.39794 4160
7.4265 5200
7.43476 6240
7.48668 5200
7.5208 6240
7.52989 7280
7.58098 6240
7.62335 7280
7.62973 8320
7.68087 7280
7.7197 3120
7.72319 4160
7.74066 5200
7.78626 3120
7.80368 4160
7.80639 5200
7.82941 6240
7.8694 5200
7.89242 6240
7.89519 7280
7.9637 0
8.00774 1040
8.00857 2080
8.0094 3120
8.01023 4160
8.02519 2080
8.07194 3120
8.10084 2080
8.10167 3120
8.13767 4160
8.15514 5200
8.17849 4160
8.18487 5200
8.21177 4160
8.22087 5200
8.24388 6240
8.26724 5200
8.28471 6240
8.30961 7280
8.34372 8320
8.36159 7280
8.38932 3120
8.44911 4160
8.46692 3120
8.46775 4160
8.48711 5200
8.53231 6240
8.55012 5200
8.5565 6240
8.63215 7280
8.64441 6240
8.66188 7280
8.67015 8320
8.73199 9360
8.74431 8320
8.77553 6240
8.78108 5200
8.84847 6240
8.85524 5200
8.88097 4160
8.94948 0
8.96412 1040
8.96495 2080
8.96578 3120
8.96745 4160
8.96828 5200
8.96911 6240
9.01097 0
9.03115 1040
9.04863 2080
9.07246 1040
9.09547 2080
9.09819 3120
9.12675 4160
9.14456 3120
9.17313 4160
9.17584 5200
9.20995 6240
9.22776 5200
9.26459 6240
9.30979 7280
9.32206 6240
9.32289 7280
9.35888 8320
9.36998 7280
9.40963 8320
9.4219 7280
9.42827 8320
9.46427 9360
9.51424 4160
9.52728 2080
9.53921 3120
9.59184 1040
9.59267 2080
9.59434 3120
9.59517 4160
9.59739 5200
9.60494 4160
9.62158 3120
9.62795 4160
9.6584 5200
9.68142 6240
9.69368 5200
9.74715 1040
9.78126 2080
9.78803 1040
9.81016 0
9.81183 1040
9.81371 2080
9.85337 3120
9.86008 2080
9.86091 3120
9.88629 4160
9.93821 3120
9.95014 4160
9.96949 5200
9.97032 6240
10.0214 5200
10.0389 6240
10.0646 7280
10.1157 6240
10.1443 7280
10.1525 8320
10.17 9360
10.2156 8320
10.2544 4160
10.2579 5200
10.2809 6240
10.3265 5200
10.3467 6240
10.3752 7280
10.3855 6240
10.4208 5200
10.4216 6240
10.441 7280
10.4909 6240
10.5151 2080
10.527 3120
10.5852 0
10.5868 1040
10.5877 2080
10.5885 3120
10.5893 4160
10.5902 5200
10.6102 6240
10.6447 3120
10.6621 4160
10.6855 3120
10.714 4160
10.7223 5200
10.7509 6240
10.7687 5200
10.8028 6240
10.8111 7280
10.8452 8320
10.863 6240
10.9082 7280
10.9109 8320
10.9561 9360
10.9628 8320
11.0136 9360
11.0163 10400
11.0607 5200
11.0738 4160
11.1292 3120
11.13 4160
11.1439 3120
11.1447 4160
11.1494 5200
11.1625 4160
11.2215 5200
11.2223 6240
11.2513 5200
11.2846 0
11.3464 1040
11.3472 2080
11.348 3120
11.3489 4160
11.3697 2080
11.3872 3120
11.4106 2080
11.428 3120
11.4419 4160
11.4649 5200
11.4882 4160
11.5112 5200
11.5251 6240
11.5592 7280
11.577 6240
11.6111 7280
11.6193 8320
11.659 9360
11.6768 8320
11.6824 7280
11.7165 8320
11.7247 9360
11.7755 10400
11.7878 9360
11.8266 5200
11.8357 6240
11.892 7280
11.9043 6240
11.9153 5200
11.9162 6240
11.93 7280
11.9411 6240
11.9974 7280
12.0041 6240
12.0215 7280
12.0298 8320
12.0465 7280
12.1039 0
12.1479 1040
12.1488 2080
12.1496 3120
12.1504 4160
12.1513 5200
12.1654 3120
12.194 4160
12.2399 5200
12.2466 4160
12.2863 5200
12.289 6240
12.3353 5200
12.3805 6240
12.3841 7280
12.4296 6240
12.4776 7280
12.4839 8320
12.5295 7280
12.5684 3120
12.5774 4160
12.5949 5200
12.6162 4160
12.6349 3120
12.646 2080
12.6468 3120
12.6606 4160
12.6836 5200
12.7181 4160
12.7244 5200
12.7716 1040
12.7993 0
12.8009 1040
12.8018 2080
12.8026 3120
12.8187 4160
12.8587 2080
12.8818 3120
12.8885 2080
12.906 3120
12.9253 4160
12.9661 3120
12.9947 4160
12.9994 3120
13.0085 4160
13.0093 5200
13.0493 4160
13.0917 5200
13.0981 6240
13.1381 5200
13.1659 1040
13.1805 2080
13.1979 3120
13.2324 2080
13.2526 3120
13.2756 4160
13.31 3120
13.3302 4160
13.3643 5200
13.4044 2080
13.4134 3120
13.4531 4160
13.4744 3120
13.482 2080
13.4828 3120
13.4911 4160
13.5418 5200
13.5596 4160
13.566 5200
13.6484 0
13.6686 1040
13.6694 2080
13.6702 3120
13.6719 4160
13.6727 5200
13.6736 6240
13.7099 0
13.7329 1040
13.7356 2080
13.7697 3120
13.7764 2080
13.805 3120
13.8077 4160
13.8541 3120
13.8909 4160
13.8917 5200
13.9373 4160
13.9381 5200
13.9741 6240
13.9805 7280
14.026 6240
14.0324 7280
14.0684 8320
14.0859 9360
14.1259 8320
14.1433 9360
14.148 8320
14.1738 9360
14.1968 10400
14.2368 9360
14.2847 8320
14.3188 9360
14.3644 6240
14.3866 5200
14.3874 6240
14.3901 7280
14.4298 8320
14.4642 7280
14.4899 8320
14.5407 9360
14.5696 8320
14.5953 9360
14.6806 8320
14.6972 6240
14.7028 5200
14.7063 6240
14.7915 5200
14.8006 6240
14.8858 5200
14.8948 6240
14.917 5200
14.9856 3120
14.9891 4160
15.0169 2080
15.0688 0
15.0906 1040
15.0915 2080
15.0923 3120
15.0931 4160
15.094 5200
15.1303 0
15.2037 1040
15.2365 2080
15.2543 1040
15.2718 2080
15.2745 3120
15.3086 4160
15.3264 3120
15.3495 4160
15.3522 5200
15.3974 6240
15.4096 5200
15.4409 6240
15.4917 7280
15.5039 6240
15.5048 7280
15.5095 6240
15.5352 7280
15.5971 8320
15.6038 7280
15.6351 6240
15.7024 7280
15.7148 5200
15.7293 6240
15.7571 5200
15.809 4160
15.8098 5200
15.8236 6240
15.8245 7280
15.857 5200
15.8977 0
15.9473 1040
15.9482 2080
15.949 3120
15.9498 4160
15.9507 5200
15.9592 4160
15.9712 5200
16.0052 2080
16.0226 3120
16.046 2080
16.069 3120
16.0773 4160
16.1058 5200
16.1236 4160
16.1522 5200
16.1605 6240
16.1946 7280
16.2124 6240
16.229 5200
16.252 6240
16.2548 7280
16.3 8320
16.3122 7280
16.3546 5200
16.4232 3120
16.4433 4160
16.5064 3120
16.5127 4160
16.5266 5200
16.5599 0
16.6153 1040
16.6161 2080
16.617 3120
16.6186 4160
16.6208 5200
16.651 0
16.6741 1040
16.6823 2080
16.6942 3120
16.7176 2080
16.7462 3120
16.7544 4160
16.7774 5200
16.7953 4160
16.8349 5200
16.8376 6240
16.8662 7280
16.884 6240
16.9292 7280
16.9319 8320
16.9541 7280
16.9716 8320
16.9838 7280
17.0373 8320
17.0892 4160
17.0901 5200
17.1704 4160
17.1713 5200
17.178 4160
17.1844 5200
17.237 6240
17.26 7280
17.2667 5200
17.2842 6240
17.3313 7280
17.361 6240
17.384 7280
17.4312 8320
17.4609 5200
17.495 6240
17.5366 7280
17.5551 6240
17.5773 5200
17.6363 6240
17.6427 7280
17.655 6240
17.6828 4160
17.7306 0
17.7731 1040
17.774 2080
17.7748 3120
17.7756 4160
17.7765 5200
17.7901 3120
17.8131 4160
17.833 1040
17.8504 2080
17.8698 3120
17.9051 2080
17.9336 3120
17.9474 4160
17.9483 5200
17.9827 4160
18.0168 5200
18.0306 6240
18.037 7280
18.0715 6240
18.1047 5200
18.1167 6240
18.1249 7280
18.1424 8320
18.1713 7280
18.2248 6240
18.2478 7280
18.2934 3120
18.3155 1040
18.3163 2080
18.3172 3120
18.3191 4160
18.3476 5200
18.3634 4160
18.3765 3120
18.3829 4160
18.4023 5200
18.4419 6240
18.4597 5200
18.4717 6240
18.4911 7280
18.5243 2080
18.554 0
18.5908 1040
18.5917 2080
18.5925 3120
18.5942 4160
18.5964 5200
18.6155 2080
18.6441 3120
18.6579 4160
18.6864 5200
18.6932 4160
18.7273 5200
18.7411 6240
18.7752 7280
18.7819 6240
18.793 5200
18.8271 6240
18.8354 7280
18.8818 6240
18.9317 1040
18.9352 2080
18.936 3120
18.9816 2080
18.9982 0
18.9991 1040
18.9999 2080
19.0073 3120
19.0137 4160
19.0592 3120
19.0656 4160
19.085 5200
19.1024 6240
19.1424 5200
19.1544 6240
19.1737 7280
19.1967 8320
19.2367 7280
19.2598 8320
19.2736 9360
19.2902 8320
19.3021 9360
19.3421 8320
19.3707 9360
19.3845 10400
19.4531 2080
19.4872 3120
19.5232 0
19.524 1040
19.5257 2080
19.5265 3120
19.5273 4160
19.5759 5200
19.5842 6240
19.5906 7280
19.6195 6240
19.6702 7280
19.6785 8320
19.6904 9360
19.7007 8320
19.7193 7280
19.7811 8320
19.7839 9360
19.8247 8320
19.8921 9360
19.9115 6240
19.9356 5200
20.0057 6240
20.0176 7280
20.03 6240
20.0411 5200
20.1 0
20.137 1040
20.1378 2080
20.1386 3120
20.1395 4160
20.1403 5200
20.1595 2080
20.1881 3120
20.1968 2080
20.2198 3120
20.2336 4160
20.2677 5200
20.2744 4160
20.303 5200
20.3168 6240
20.3501 5200
20.3632 4160
20.4028 5200
20.4111 6240
20.4119 7280
20.4519 6240
20.4971 7280
20.5055 8320
20.5332 4160
20.5518 3120
20.6025 4160
20.6108 5200
20.635 4160
20.6968 5200
20.6995 6240
20.7237 5200
20.7911 6240
20.7939 7280
20.8105 5200
20.818 4160
20.8846 3120
20.8937 4160
20.9 5200
20.9068 4160
20.9076 5200
20.9769 4160
20.9888 5200
20.9956 4160
21.0601 0
21.0859 1040
21.0867 2080
21.0876 3120
21.0884 4160
21.0892 5200
21.1196 0
21.1204 1040
21.1457 0
21.1632 1040
21.1826 2080
21.1889 3120
21.2123 2080
21.2409 3120
21.2547 4160
21.2666 5200
21.29 4160
21.3241 5200
21.3379 6240
21.3609 7280
21.3712 6240
21.3787 5200
21.4239 6240
21.4322 7280
21.4607 8320
21.473 7280
21.5237 8320
21.5321 9360
21.5653 5200
21.5784 4160
21.6402 5200
21.643 6240
21.6671 5200
21.6782 4160
21.7345 5200
21.7372 6240
21.7381 7280
21.7614 6240
21.7781 5200
21.8315 0
21.874 1040
21.8748 2080
21.8757 3120
21.8765 4160
21.8773 5200
21.891 3120
21.9085 4160
21.9338 2080
21.9707 3120
21.9937 4160
22.0115 3120
22.0123 4160
22.0483 5200
22.0769 6240
22.0947 5200
22.1011 6240
22.1371 7280
22.1767 8320
22.189 7280
22.2009 8320
22.2056 7280
22.2369 8320
22.2821 9360
22.2944 8320
22.3423 6240
22.3986 7280
22.4109 5200
22.433 3120
22.4339 4160
22.4366 5200
22.4984 6240
22.5051 5200
22.5253 6240
22.5995 5200
22.6161 3120
22.6196 4160
22.6205 5200
22.6937 4160
22.7001 5200
22.7028 6240
22.7092 7280
22.725 6240
22.7825 5200
22.7944 6240
22.7971 7280
22.8305 5200
22.8768 0
22.9208 1040
22.9216 2080
22.9225 3120
22.9233 4160
22.9241 5200
22.9383 3120
22.9391 4160
22.9786 1040
22.9961 2080
23.0195 1040
23.0258 2080
23.0452 3120
23.0738 4160
23.0916 3120
23.1035 4160
23.1228 5200
23.157 6240
23.1748 5200
23.1978 6240
23.2025 5200
23.2116 6240
23.2568 7280
23.2691 6240
23.3059 7280
23.3566 8320
23.369 7280
23.3911 4160
23.4057 5200
23.4743 4160
23.4918 5200
23.4945 6240
23.563 5200
23.5861 6240
23.5888 7280
23.6573 0
23.6958 1040
23.6967 2080
23.6975 3120
23.6983 4160
23.7188 1040
23.7196 2080
23.7545 3120
23.7889 2080
23.7953 3120
23.8258 4160
23.8321 5200
23.8666 4160
23.884 5200
23.909 6240
23.92 5200
23.9264 6240
23.9553 5200
23.9783 6240
24.0032 7280
24.0496 2080
24.0837 3120
24.1031 4160
24.1273 3120
24.1669 4160
24.1772 3120
24.1863 4160
24.1871 5200
24.2105 4160
24.2695 5200
24.2814 6240
24.2993 5200
24.3326 0
24.3943 1040
24.3952 2080
24.396 3120
24.3968 4160
24.4177 2080
24.4463 3120
24.4585 2080
24.4705 3120
24.4898 4160
24.5239 5200
24.5362 4160
24.5537 5200
24.573 6240
24.6182 7280
24.6249 6240
24.6535 7280
24.6673 8320
24.6895 7280
24.7181 8320
24.7248 7280
24.7589 8320
24.7727 9360
24.8302 4160
24.8754 5200
24.9114 3120
24.9122 4160
24.9411 3120
24.9697 4160
24.9779 5200
24.9843 6240
25.0077 5200
25.0667 1040
25.0842 2080
25.102 1040
25.1297 0
25.1314 1040
25.1322 2080
25.133 3120
25.1332 4160
25.1563 5200
25.1741 4160
25.1912 2080
25.2142 3120
25.2169 4160
25.251 5200
25.2633 4160
25.2974 5200
25.3001 6240
25.3398 7280
25.352 6240
25.3944 7280
25.4452 8320
25.4519 7280
25.4527 8320
25.4942 9360
25.5053 8320
25.5505 9360
25.5573 8320
25.5636 9360
25.6052 10400
25.6552 5200
25.6682 3120
25.6857 4160
25.7383 2080
25.7391 3120
25.7408 4160
25.7416 5200
25.7438 6240
25.7514 5200
25.7744 6240
25.7847 5200
25.8104 6240
25.839 7280
25.8457 6240
25.9047 5200
25.9388 6240
25.9622 2080
25.9899 0
25.9916 1040
25.9924 2080
25.9932 3120
25.9934 4160
26.0331 5200
26.0398 4160
26.0514 3120
26.0633 4160
26.0771 5200
26.129 4160
26.1521 5200
26.1659 6240
26.1667 7280
26.2178 6240
26.2519 7280
26.2566 6240
26.2602 7280
26.2665 8320
26.3176 7280
26.36 8320
26.3775 9360
26.4155 8320
26.4231 7280
26.4564 3120
26.4654 4160
26.4884 5200
26.5285 4160
26.5403 5200
26.5486 6240
26.6171 0
26.6493 1040
26.6501 2080
26.6518 3120
26.6526 4160
26.6786 0
26.7017 1040
26.7099 2080
26.7218 3120
26.7452 2080
26.7793 3120
26.782 4160
26.7995 5200
26.8228 4160
26.8625 5200
26.8652 6240
26.8882 7280
26.9116 6240
26.9595 7280
27.0114 6240
27.0123 7280
27.0594 8320
27.1113 7280
27.1177 8320
27.187 5200
27.2091 4160
27.2099 5200
27.2167 4160
27.2341 5200
27.2757 6240
27.2931 7280
27.3054 6240
27.322 5200
27.3284 6240
27.37 7280
27.393 8320
27.4052 7280
27.4698 1040
27.5039 2080
27.5328 0
27.5345 1040
27.5353 2080
27.5362 3120
27.5364 4160
27.537 5200
27.576 6240
27.5943 3120
27.6007 4160
27.62 5200
27.6276 4160
27.6311 5200
27.6775 4160
27.6894 5200
27.7088 6240
27.7096 7280
27.7163 6240
27.7199 7280
27.7365 6240
27.7663 5200
27.7837 6240
27.8031 7280
27.8095 8320
27.8162 7280
27.8197 8320
27.8606 5200
27.8891 6240
27.9216 3120
27.9252 4160
27.9473 1040
27.9481 2080
27.989 3120
28.0083 4160
28.0325 3120
28.0777 4160
28.1027 3120
28.1157 2080
28.1656 1040
28.1664 2080
28.1803 3120
28.1811 4160
28.1934 3120
28.2643 4160
28.332 0
28.3337 1040
28.3345 2080
28.3353 3120
28.3356 4160
28.3362 5200
28.353 6240
28.3935 0
28.4192 1040
28.4268 0
28.4303 1040
28.4478 2080
28.455 1040
28.4669 2080
28.4863 3120
28.4938 2080
28.4974 3120
28.5204 4160
28.5271 3120
28.5446 4160
28.5639 5200
28.5715 4160
28.575 5200
28.6103 4160
28.6389 5200
28.6527 6240
28.6535 7280
28.6602 6240
28.6638 7280
28.699 6240
28.7332 7280
28.747 8320
28.7533 9360
28.7601 8320
28.7636 9360
28.7858 8320
28.7989 7280
28.8441 8320
28.8524 9360
28.871 8320
28.8745 9360
28.8754 10400
28.9043 9360
28.955 10400
28.9633 11440
28.9819 8320
28.9966 7280
29.0208 5200
29.0771 6240
29.0853 7280
29.0861 8320
29.0929 7280
29.0964 8320
29.115 6240
29.1824 7280
29.1852 8320
29.1915 9360
29.1982 8320
29.2018 9360
29.2149 8320
29.2906 9360
29.3092 8320
29.3258 6240
29.3757 5200
29.4015 6240
29.4201 5200
29.4812 3120
29.4958 2080
29.5077 3120
29.5643 0
29.566 1040
29.5668 2080
29.5677 3120
29.5679 4160
29.5685 5200
29.5693 6240
29.6258 0
29.6515 1040
29.6524 2080
29.6591 1040
29.6682 2080
29.6873 1040
29.7159 2080
29.7186 3120
29.725 4160
29.7317 3120
29.7408 4160
29.7594 3120
29.7935 4160
29.7962 5200
29.8149 4160
29.824 5200
29.8248 6240
29.8426 5200
29.885 6240
29.9036 5200
29.9045 6240
29.9127 7280
29.9191 8320
29.9369 7280
29.9646 6240
29.9793 7280
29.9979 6240
30.0043 7280
30.0126 8320
30.0245 9360
30.0423 8320
30.0791 9360
30.1179 5200
30.141 6240
30.1588 4160
30.1865 0
30.1873 1040
30.1882 2080
30.189 3120
30.1898 4160
30.19 5200
30.2353 6240
30.2475 5200
30.2761 6240
30.2788 7280
30.3351 8320
30.3418 7280
30.3759 8320
30.3786 9360
30.3953 8320
30.4405 9360
30.4472 8320
30.4869 9360
30.4896 10400
30.5581 2080
30.6282 0
30.6299 1040
30.6307 2080
30.6316 3120
30.6324 4160
30.6366 5200
30.6996 6240
30.723 5200
30.7294 6240
30.7765 7280
30.7876 6240
30.7995 7280
30.8173 6240
30.8348 7280
30.8763 8320
30.9171 4160
30.9402 5200
30.9818 6240
31.0059 5200
31.0336 4160
31.04 5200
31.076 6240
31.0935 7280
31.1002 6240
31.1335 5200
31.1703 0
31.1933 1040
31.2278 0
31.2294 1040
31.2302 2080
31.2311 3120
31.2313 4160
31.2319 5200
31.2327 6240
31.2892 1040
31.3123 2080
31.315 3120
31.3158 4160
31.3225 3120
31.3316 4160
31.3613 3120
31.3926 4160
31.399 5200
31.4057 4160
31.4066 5200
31.4148 6240
31.437 5200
31.4445 4160
31.4758 5200
31.4945 4160
31.5008 5200
31.5091 6240
31.5099 7280
31.5333 6240
31.5646 7280
31.5832 5200
31.6007 6240
31.6201 4160
31.6331 3120
31.6645 4160
31.6775 3120
31.7005 4160
31.7032 5200
31.7096 6240
31.7163 5200
31.7476 6240
31.7607 5200
31.7718 4160
31.792 5200
31.8106 4160
31.8115 5200
31.8419 6240
31.8427 7280
31.855 6240
31.9362 0
31.9731 1040
31.974 2080
31.9748 3120
31.975 4160
31.9756 5200
31.9957 4160
32.0076 5200
32.033 2080
32.0393 3120
32.0587 4160
32.0662 3120
32.0698 4160
32.1039 5200
32.1106 4160
32.1281 5200
32.1419 6240
32.1494 5200
32.153 6240
32.1927 7280
32.1994 5200
32.2224 6240
32.2362 7280
32.2437 6240
32.2473 7280
32.2937 6240
32.3222 7280
32.3361 8320
32.3436 7280
32.3472 8320
32.3805 4160
32.3935 3120
32.4157 2080
32.4332 3120
32.4415 4160
32.449 3120
32.4589 4160
32.4767 3120
32.5246 1040
32.5357 0
32.5365 1040
32.5655 0
32.5893 1040
32.5912 2080
32.6031 3120
32.627 2080
32.6334 3120
32.6491 1040
32.6638 2080
32.6812 3120
32.7046 2080
32.7165 3120
32.7359 4160
32.7644 5200
32.7822 4160
32.8053 5200
32.8532 6240
32.871 5200
32.8996 6240
32.9078 7280
32.953 8320
32.9653 7280
33.0042 3120
33.0077 4160
33.0584 5200
33.0707 4160
33.0909 5200
33.1352 4160
33.1527 5200
33.1594 4160
33.1658 5200
33.1796 6240
33.2482 3120
33.2601 4160
33.3238 0
33.3255 1040
33.3263 2080
33.3271 3120
33.328 4160
33.3488 5200
33.3833 2080
33.3897 3120
33.4186 2080
33.4471 3120
33.4554 4160
33.4673 5200
33.4962 4160
33.5303 5200
33.5386 6240
33.5616 7280
33.585 6240
33.6329 7280
33.6615 8320
33.6848 7280
33.7327 8320
33.7724 9360
33.7903 8320
33.8235 4160
33.8381 5200
33.8833 6240
33.9067 4160
33.9075 5200
33.9269 6240
33.9832 7280
33.9954 5200
33.9963 6240
34.0212 7280
34.083 8320
34.0897 7280
34.0961 8320
34.1211 9360
34.1322 8320
34.1951 0
34.2383 1040
34.2392 2080
34.2408 3120
34.2416 4160
34.2425 5200
34.2566 3120
34.2796 4160
34.299 5200
34.3398 4160
34.3684 5200
34.3877 6240
34.3886 7280
34.4286 6240
34.4396 5200
34.4682 6240
34.482 7280
34.4884 8320
34.5284 7280
34.5784 2080
34.5819 3120
34.5993 4160
34.6338 3120
34.6504 1040
34.6512 2080
34.6521 3120
34.6595 4160
34.6825 5200
34.717 4160
34.7178 5200
34.7427 6240
34.7768 7280
34.7926 6240
34.8057 5200
34.8176 6240
34.837 7280
34.8767 8320
34.9 7280
34.9175 8320
34.9369 9360
35.0054 0
35.0478 1040
35.0486 2080
35.0494 3120
35.0511 4160
35.0519 5200
35.0669 3120
35.101 4160
35.1148 5200
35.1267 6240
35.1501 5200
35.1953 6240
35.2036 7280
35.2266 8320
35.2444 7280
35.2499 6240
35.2951 7280
35.3034 8320
35.332 9360
35.3498 8320
35.3942 3120
35.4088 2080
35.4484 3120
35.4718 0
35.4726 1040
35.4735 2080
35.4743 3120
35.4751 4160
35.4809 5200
35.5261 6240
35.5384 5200
35.5669 6240
35.5696 7280
35.6259 8320
35.6327 7280
35.6695 8320
35.7313 9360
35.738 8320
35.7749 9360
35.8248 8320
35.849 7280
35.8768 4160
35.8858 5200
35.8866 6240
35.9413 5200
35.9544 3120
36.03 0
36.0317 1040
36.0325 2080
36.0333 3120
36.0342 4160
36.035 5200
36.0384 6240
36.0895 1040
36.1181 2080
36.1303 1040
36.1423 2080
36.1561 3120
36.1902 4160
36.2024 3120
36.2199 4160
36.2337 5200
36.2559 4160
36.2789 5200
36.2856 4160
36.3142 5200
36.3225 6240
36.3744 2080
36.4085 3120
36.4445 2080
36.4453 3120
36.452 2080
36.4917 3120
36.5 4160
36.523 5200
36.5297 4160
36.5804 5200
36.5832 6240
36.6053 5200
36.6117 6240
36.6184 5200
36.6747 6240
36.6774 7280
36.7127 6240
36.794 4160
36.8126 3120
36.8134 4160
36.8771 5200
36.8835 6240
36.8958 5200
36.9021 6240
36.9124 5200
36.9659 6240
36.9778 7280
36.9901 6240
37.0178 5200
37.0602 0
37.1138 1040
37.1146 2080
37.1154 3120
37.1162 4160
37.1171 5200
37.1482 6240
37.1736 2080
37.191 3120
37.2104 4160
37.2445 5200
37.2512 4160
37.2798 5200
37.2936 6240
37.34 5200
37.3741 6240
37.3879 7280
37.3887 8320
37.4045 7280
37.4343 6240
37.4795 7280
37.4877 8320
37.4941 9360
37.5341 6240
37.5849 7280
37.6043 6240
37.6264 5200
37.6272 6240
37.6339 5200
37.6958 6240
37.6985 7280
37.7282 6240
37.7338 5200
37.7956 6240
37.7983 7280
37.7992 8320
37.8281 7280
37.8392 6240
37.8982 0
37.9407 1040
37.9415 2080
37.9423 3120
37.9432 4160
37.944 5200
37.9577 3120
37.9696 4160
38.0005 3120
38.0373 4160
38.0603 5200
38.0837 4160
38.0845 5200
38.1205 6240
38.1491 7280
38.1724 6240
38.1788 7280
38.1835 6240
38.2148 7280
38.2545 8320
38.2723 7280
38.3147 5200
38.3599 6240
38.3833 4160
38.4034 5200
38.4422 4160
38.4597 5200
38.472 4160
38.4728 5200
38.4922 6240
38.5607 2080
38.5671 3120
38.6308 0
38.6325 1040
38.6333 2080
38.6342 3120
38.635 4160
38.6558 5200
38.6903 2080
38.6967 3120
38.7256 2080
38.7486 3120
38.7624 4160
38.7743 5200
38.8032 4160
38.8374 5200
38.8456 6240
38.8686 7280
38.892 6240
38.9142 5200
38.9316 6240
38.9399 7280
38.9685 8320
38.9918 7280
39.0398 5200
39.0794 6240
39.1028 4160
39.125 3120
39.1258 4160
39.1285 5200
39.1673 4160
39.1737 5200
39.1915 4160
39.2145 5200
39.2172 6240
39.2803 3120
39.3088 4160
39.3282 2080
39.3559 0
39.3576 1040
39.3584 2080
39.3592 3120
39.4154 2080
39.4329 3120
39.4451 2080
39.446 3120
39.482 4160
39.5105 5200
39.5228 4160
39.5292 5200
39.5652 6240
39.5984 5200
39.6048 6240
39.6115 5200
39.629 6240
39.6595 7280
39.7058 6240
39.7288 7280
39.7815 4160
39.8057 3120
39.8647 4160
39.8655 5200
39.8889 4160
39.9479 2080
39.9598 3120
39.9888 0
40.0181 1040
40.0189 2080
40.0198 3120
40.02 4160
40.0375 5200
40.0553 4160
40.0779 1040
40.0899 2080
40.1037 3120
40.1322 4160
40.1445 3120
40.1731 4160
40.1813 5200
40.2154 6240
40.2277 4160
40.2618 5200
40.2701 6240
40.3164 5200
40.3616 6240
40.3644 7280
40.4032 3120
40.4107 2080
40.4615 3120
40.4642 4160
40.4817 5200
40.4884 4160
40.5383 3120
40.5474 4160
40.5704 5200
40.5771 4160
40.578 5200
40.6306 6240
40.6592 7280
40.6659 6240
40.6992 1040
40.7249 0
40.7674 1040
40.7682 2080
40.769 3120
40.7844 2080
40.7852 3120
40.8272 2080
40.8447 3120
40.8585 4160
40.8649 5200
40.9049 4160
40.9279 5200
40.9417 6240
40.9592 7280
40.9936 6240
41.0277 7280
41.036 8320
41.059 9360
41.0637 8320
41.0934 7280
41.1331 8320
41.1414 9360
41.1988 6240
41.2496 7280
41.269 5200
41.2911 3120
41.292 4160
41.355 5200
41.3577 6240
41.3585 7280
41.3874 6240
41.393 5200
41.452 6240
41.4584 7280
41.4873 6240
41.5317 1040
41.5463 0
41.5637 1040
41.5982 0
41.5999 1040
41.6007 2080
41.6015 3120
41.6073 4160
41.6303 5200
41.6597 3120
41.6716 4160
41.691 5200
41.7251 6240
41.7429 5200
41.7603 6240
41.7797 7280
41.8194 8320
41.8372 7280
41.8649 6240
41.8657 7280
41.8795 8320
41.9247 9360
41.9426 8320
42.0412 9360
42.0702 5200
42.0868 4160
42.0903 5200
42.1522 6240
42.1644 5200
42.1653 6240
42.1791 7280
42.252 8320
42.2588 7280
42.2789 6240
42.3642 4160
42.3732 5200
42.4528 4160
42.4537 5200
42.4731 4160
42.5416 0
42.5562 1040
42.5571 2080
42.5579 3120
42.5596 4160
42.5604 5200
42.5612 6240
42.6031 0
42.6233 1040
42.6407 2080
42.6646 1040
42.6903 2080
42.7189 3120
42.7367 2080
42.7375 3120
42.7624 4160
42.7965 5200
42.8143 4160
42.8207 5200
42.8456 6240
42.8908 7280
42.9031 6240
42.915 7280
42.9399 8320
42.9732 7280
42.9907 8320
43.0029 7280
43.0259 8320
43.0453 9360
43.1083 5200
43.1369 6240
43.1674 5200
43.1951 1040
43.1959 2080
43.1975 3120
43.1984 4160
43.2423 5200
43.2561 6240
43.2791 7280
43.2913 6240
43.308 5200
43.3366 6240
43.3504 7280
43.3845 8320
43.3912 7280
43.4467 2080
43.4502 3120
43.4899 4160
43.5188 0
43.5204 1040
43.5213 2080
43.5221 3120
43.5279 4160
43.5802 3120
43.6033 4160
43.6115 5200
43.6124 6240
43.6634 5200
43.692 6240
43.7003 7280
43.7067 8320
43.7577 7280
43.791 6240
43.7974 7280
43.8001 8320
43.8176 9360
43.8631 8320
43.9055 9360
43.9285 10400
43.9963 5200
44.0164 6240
44.0905 5200
44.0914 6240
44.1107 7280
44.1496 6240
44.1848 0
44.1968 1040
44.2438 0
44.2455 1040
44.2463 2080
44.2472 3120
44.248 4160
44.2488 5200
44.2689 6240
44.3033 3120
44.3264 4160
44.3442 3120
44.3727 4160
44.381 5200
44.4096 6240
44.4274 5200
44.4615 6240
44.4697 7280
44.5217 6240
44.5669 7280
44.5696 8320
44.6215 7280
44.6722 8320
44.675 9360
44.7028 5200
44.7269 3120
44.738 2080
44.7832 3120
44.7859 4160
44.7867 5200
44.8101 4160
44.8601 0
44.9171 1040
44.918 2080
44.9188 3120
44.935 4160
44.977 1040
45.0055 2080
45.0082 3120
45.0257 4160
45.0491 3120
45.0832 4160
45.0859 5200
45.1089 6240
45.1323 5200
45.1746 6240
45.2087 7280
45.2266 6240
45.2274 7280
45.2376 6240
45.2689 7280
45.3086 8320
45.3264 7280
45.3328 8320
45.3688 6240
45.414 7280
45.4374 5200
45.4595 4160
45.4603 5200
45.4631 6240
45.5194 7280
45.5316 6240
45.5483 5200
45.5574 6240
45.6192 7280
45.6315 6240
45.6323 7280
45.6516 8320
45.7246 9360
45.7314 8320
45.748 6240
45.757 7280
45.7959 6240
45.8422 5200
45.8569 6240
45.9013 4160
45.9365 0
45.9861 1040
45.9869 2080
45.9878 3120
45.9886 4160
45.9894 5200
45.998 4160
46.0099 5200
46.0439 1040
46.0614 2080
46.0848 1040
46.1022 2080
46.1105 3120
46.1391 4160
46.1569 3120
46.1854 4160
46.1882 5200
46.2223 6240
46.2401 5200
46.2456 4160
46.2742 5200
46.2769 6240
46.3221 7280
46.3344 6240
46.3677 3120
46.3712 4160
46.4219 5200
46.4343 4160
46.4544 5200
46.5162 6240
46.523 5200
46.5431 6240
46.6105 7280
46.6172 6240
46.6374 7280
46.7171 6240
46.7373 5200
46.7381 6240
46.817 4160
46.826 5200
46.9057 4160
46.9065 5200
46.9259 4160
46.9944 0
47.0091 1040
47.0099 2080
47.0107 3120
47.0124 4160
47.0132 5200
47.014 6240
47.0559 0
47.0761 1040
47.0936 2080
47.1174 1040
47.1404 2080
47.1431 3120
47.1717 4160
47.1895 3120
47.2181 4160
47.2208 5200
47.2549 6240
47.2727 5200
47.3095 6240
47.3547 7280
47.367 6240
47.3678 7280
47.4038 8320
47.4316 7280
47.4546 8320
47.4668 7280
47.4732 8320
47.5092 9360
47.5722 4160
47.5897 5200
47.6534 1040
47.6543 2080
47.6559 3120
47.6567 4160
47.684 5200
47.7144 6240
47.743 7280
47.7497 6240
47.7608 5200
47.7838 6240
47.8087 7280
47.8428 8320
47.8496 7280
47.8995 2080
47.9482 3120
47.9716 0
47.9732 1040
47.9741 2080
47.9749 3120
47.9807 4160
48.0331 3120
48.0505 4160
48.0643 5200
48.0652 6240
48.1163 5200
48.1448 6240
48.1531 7280
48.1595 8320
48.2106 7280
48.2529 8320
48.2704 9360
48.3159 8320
48.3583 9360
48.3813 10400
48.4269 9360
48.4547 4160
48.4693 5200
48.5034 6240
48.5434 5200
48.558 4160
48.5977 5200
48.6301 6240
48.6412 4160
48.7209 3120
48.7217 4160
48.7356 3120
48.8041 0
48.814 1040
48.8148 2080
48.8165 3120
48.8173 4160
48.8181 5200
48.8655 0
48.8746 1040
48.8921 2080
48.927 0
48.9417 1040
48.9702 2080
48.9885 1040
49.006 2080
49.0087 3120
49.0428 4160
49.0606 3120
49.0836 4160
49.0864 5200
49.1316 6240
49.1438 5200
49.1724 6240
49.1751 7280
49.2259 8320
49.2381 7280
49.2749 8320
49.3138 7280
49.3368 8320
49.3435 7280
49.3443 8320
49.3803 9360
49.4489 5200
49.4553 6240
49.5356 0
49.5373 1040
49.5381 2080
49.539 3120
49.5398 4160
49.5607 5200
49.6015 6240
49.6304 5200
49.6534 6240
49.6839 7280
49.7013 8320
49.7247 7280
49.7588 8320
49.7837 9360
49.8301 8320
49.8697 9360
49.8946 10400
49.941 8320
49.9862 9360
