0
0
0
6
8
28
27
16
15
15
21
19
19
14
15
5
0
6
8
7
10
3
12
14
10
13
11
20
13
23
10
25
15
20
18
15
14
1
6
6
5
2
6
4
8
10
5
18
10
16
18
20
20
12
12
24
16
0
21
20
1
9
16
18
0
20
21
0
23
22
0
7
12
14
0
16
18
20
0
21
23
0
23
5
0
12
14
16
0
18
20
19
3
22
22
2
24
5
1
8
6
6
3
7
9
4
11
18
19
18
19
19
13
24
24
15
15
27
6
2
8
12
4
7
16
17
9
20
11
23
12
26
14
29
15
11
5
4
3
2
6
5
8
10
5
6
13
15
16
9
19
21
23
19
6
27
23
6
21
11
2
6
4
4
7
0
7
9
11
0
13
15
17
9
9
20
20
1
23
23
0
16
20
0
21
9
0
16
18
20
0
22
24
0
23
18
0
11
5
2
4
6
8
0
19
20
24
34
22
36
34
28
33
22
5
14
16
0
18
20
22
23
0
17
19
20
0
22
23
22
3
26
19
21
22
24
26
22
12
3
20
21
26
10
6
5
9
11
0
13
15
16
28
36
37
26
38
34
34
30
31
25
1
22
13
4
19
21
23
23
0
16
19
20
0
22
23
22
0
11
18
23
22
36
18
19
20
22
0
23
12
12
13
0
15
17
18
20
22
23
22
7
12
14
16
18
0
20
21
23
23
0
17
8
13
0
32
19
21
22
23
17
20
22
23
0
22
10
17
0
19
22
18
18
2
34
33
22
12
18
20
22
23
0
12
12
12
14
0
16
18
20
0
22
23
17
8
27
16
31
27
23
25
27
29
27
12
9
15
17
16
3
21
23
23
0
16
9
12
0
14
22
32
22
24
23
18
21
0
22
23
22
11
0
18
19
24
0
17
9
13
17
32
20
22
24
24
0
16
7
13
15
0
17
18
20
13
9
23
16
18
21
32
38
35
36
33
28
29
30
30
23
2
5
9
11
13
0
15
16
18
0
20
22
23
3
22
25
19
15
26
22
23
24
22
12
18
20
22
0
23
12
12
2
11
14
21
33
21
25
22
6
12
2
12
16
17
19
0
21
23
23
10
7
8
13
16
34
21
22
24
23
0
17
8
14
16
0
18
20
