0.0157946
0.0396667
0.000832
0.0129626
0.000832
0.046968
0.000832
0.00471467
0.000832
0.00541597
0.000832
0.00471467
0.000832
0.0434214
0.000832
0.00471467
0.000832
0.00471467
0.000832
0.00471467
0.000832
0.00271467
0.000832
0.00471467
0.000832
0.00471467
0.000832
0.00471467
0.000832
0.023936
0.000832
0.00471467
0.000832
0.00471467
0.000832
0.00471467
0.000832
0.00471467
0.000832
0.00471467
0.000832
0.00471467
0.000832
0.00471467
0.00354667
0.000832
0.00471467
0.000832
0.00471467
0.000832
0.00471467
0.000832
0.00471467
0.000832
0.00471467
0.000832
0.00471467
0.000832
0.00471467
0.00754667
0.00554667
0.00554667
0.00554667
0.00554667
0.00554667
0.00554667
0.00554667
0.00554667
0.00554667
0.00554667
0.00554667
0.00554667
0.00554667
0.00554667
0.00354667
0.00554667
0.00554667
0.00554667
0.00554667
0.00554667
0.00554667
0.00554667
0.00554667
0.0168704
0.00731627
0.00554667
0.00554667
0.00554667
0.00554667
0.00554667
0.00554667
0.00554667
0.00554667
0.00554667
0.00554667
0.00554667
0.00554667
0.00554667
0.00554667
0.0315104
0.00554667
0.0165632
0.000832
0.00656107
0.00554667
0.00554667
0.00554667
0.00554667
0.00554667
0.00554667
0.00554667
0.00554667
0.00554667
0.00554667
0.00554667
0.00554667
0.00554667
0.00554667
0.00362347
0.000832
0.00463787
0.000832
0.000832
0.00388267
0.00554667
0.00754667
0.00554667
0.00554667
0.00554667
0.00554667
0.00554667
0.00554667
0.00554667
0.00554667
0.00554667
0.00554667
0.00554667
0.00554667
0.00554667
0.00554667
0.00354667
0.00554667
0.000832
0.00471467
0.00554667
0.00554667
0.00554667
0.00554667
0.00754667
0.00554667
0.00554667
0.00554667
0.00554667
0.00554667
0.00554667
0.00554667
0.00554667
0.00554667
0.00554667
0.00554667
0.00554667
0.00554667
0.00554667
0.015984
0.000832
0.000832
0.002752
0.000832
0.00471467
0.00554667
0.00554667
0.00554667
0.00754667
0.00554667
0.00554667
0.00554667
0.00554667
0.00554667
0.00554667
0.00554667
0.00554667
0.00554667
0.00554667
0.00554667
0.00554667
0.00554667
0.00554667
0.032624
0.000832
0.000832
0.000832
0.000832
0.000832
0.000832
0.000832
0.004352
0.00554667
0.00754667
0.00554667
0.00554667
0.00554667
0.0167168
0.104667
0.000832
0.000832
0.0008384
0.002448
0.124528
0.000832
0.000832
0.000832
0.000832
0.0525269
0.0705323
0.000832
0.000832
0.000832
0.000832
0.000832
0.0489184
0.000832
0.0728736
0.000832
0.000832
0.000832
0.000832
0.000832
0.000832
0.048336
0.000832
0.000832
0.072368
0.000832
0.000832
0.000832
0.000832
0.000832
0.000832
0.048656
0.000832
0.000832
0.072688
0.000832
0.000832
0.000832
0.000832
0.000832
0.000832
0.000832
0.047824
0.000832
0.000832
0.000832
0.071856
0.000832
0.000832
0.000832
0.000832
0.000832
0.000832
0.000832
0.000832
0.047312
0.000832
0.000832
0.000832
0.000832
0.071344
0.000832
0.000832
0.000832
0.000832
0.000832
0.000832
0.000832
0.000832
0.000832
0.0468
0.000832
0.000832
0.000832
0.000832
0.000832
0.070832
0.000832
0.000832
0.000832
0.000832
0.000832
0.000832
0.000832
0.000832
0.000832
0.000832
0.046288
0.000832
0.000832
0.000832
0.000832
0.000832
0.000832
0.07032
0.000832
0.000832
0.000832
0.000832
0.000832
0.000832
0.000832
0.000832
0.000832
0.000832
0.000832
0.045776
0.000832
0.000832
0.000832
0.000832
0.000832
0.000832
0.000832
0.069808
0.000832
0.000832
0.000832
0.000832
0.000832
0.000832
0.000832
0.000832
0.000832
0.000832
0.000832
0.000832
0.045264
0.000832
0.000832
0.000832
0.000832
0.000832
0.000832
0.000832
0.000832
0.069296
0.000832
0.000832
0.000832
0.000832
0.000832
0.000832
0.000832
0.000832
0.000832
0.000832
0.000832
0.000832
0.000832
0.044752
0.000832
0.000832
0.000832
0.000832
0.000832
0.000832
0.000832
0.000832
0.000832
0.068784
0.000832
0.000832
0.000832
0.000832
0.000832
0.000832
0.000832
0.000832
0.000832
0.000832
0.000832
0.000832
0.000832
0.000832
0.04424
0.000832
0.000832
0.000832
0.000832
0.000832
0.000832
0.000832
0.000832
0.000832
0.069456
0.000832
0.000832
0.000832
0.000832
0.000832
0.000832
0.000832
0.000832
0.000832
0.000832
0.000832
0.000832
0.000832
0.000832
0.05
0.000832
0.000832
0.000832
0.000832
0.000832
0.000832
0.000832
0.000832
0.000832
0.000832
0.0718987
0.000832
0.000832
0.000832
0.000832
0.000832
0.000832
0.000832
0.000832
0.000832
0.000832
0.000832
0.000832
0.000832
0.000832
0.05
0.000832
0.000832
0.000832
0.000832
0.000832
0.000832
0.000832
0.000832
0.000832
0.000832
0.00322133
0.074224
0.000832
0.000832
0.000832
0.000832
0.000832
0.000832
0.000832
0.000832
0.000832
0.000832
0.000832
0.000832
0.000832
0.000832
0.05
0.000832
0.000832
0.000832
0.000832
0.000832
0.000832
0.000832
0.000832
0.000832
0.0782837
0.000832
0.0025792
0.000832
0.053968
0.073712
0.000832
0.000832
0.000832
0.000832
0.0117355
0.111708
0.000832
0.000832
0.000832
0.0089824
0.000832
0.081552
0.044656
0.000832
0.000832
0.000832
0.0799776
0.000832
0.042704
0.000832
0.000832
0.0813856
0.000832
0.000832
0.042064
0.000832
0.000832
0.000832
0.080176
0.000832
0.000832
0.042384
0.000832
0.000832
0.000832
0.000832
0.079664
0.000832
0.000832
0.000832
0.041552
0.000832
0.000832
0.000832
0.000832
0.000832
0.0708384
0.000832
0.000832
0.000832
0.000832
0.0410336
0.000832
0.000832
0.000832
0.000832
0.000832
0.000832
0.0536864
0.000832
0.000832
0.000832
0.000832
0.000832
0.0072416
0.000832
0.001776
0.00554667
0.00554667
0.00554667
0.00554667
0.000832
0.0225664
0.00554667
0.00554667
0.00554667
0.00554667
0.000832
0.00471467
0.061072
0.00056
0.000272
0.00056
0.000272
0.00056
0.000272
0.000832
0.000832
0.000832
0.000709333
0.000122667
0.005424
0.00554667
0.000832
0.00471467
0.067904
0.000832
0.000656
0.000176
0.000656
0.000832
0.000832
0.000832
0.00536
0.00554667
0.00554667
0.00354667
0.00754667
0.00354667
0.00554667
0.00554667
0.00554667
0.000832
0.075392
0.000832
0.000832
0.000464
0.000832
4.8e-05
0.000784
4.8e-05
0.000784
0.000832
0.000832
0.000832
0.000832
0.000730667
0.000101333
0.000832
0.00461333
0.00554667
0.00554667
0.000832
0.083712
0.000832
0.000832
0.000784
4.8e-05
0.000784
4.8e-05
0.000784
0.000832
0.000832
0.000832
0.000832
0.00530133
0.00554667
0.00354667
0.00754667
0.00554667
0.00354667
0.00554667
0.00554667
0.00554667
0.092864
0.000832
0.000832
0.000784
4.8e-05
0.000784
4.8e-05
0.000784
4.8e-05
0.000784
4.8e-05
0.000784
0.000832
0.000832
0.000832
0.000832
5.33333e-06
0.000826667
0.000832
0.000832
0.003056
0.00554667
0.00554667
0.101184
0.000832
0.000832
0.000784
4.8e-05
0.000784
4.8e-05
0.000784
4.8e-05
0.000784
4.8e-05
0.000784
4.8e-05
0.000784
0.000832
0.000832
0.00404267
0.00554667
0.00354667
0.00754667
0.00554667
0.00554667
0.00362347
0.00554667
0.10944
0.0026336
0.0005024
0.0003296
0.000832
0.000832
0.000832
0.000832
0.000832
0.000832
0.000832
0.000832
0.000832
0.000832
0.00208427
0.00554667
0.126924
0.000832
0.000832
0.000144
0.000688
0.000144
0.000688
0.000144
0.000688
0.000144
0.000832
0.000832
0.000832
0.000832
0.000832
0.000832
0.000832
0.000832
0.000832
0.000832
0.000832
0.108144
0.000832
0.000832
0.000784
4.8e-05
0.000784
4.8e-05
0.000784
4.8e-05
0.000784
4.8e-05
0.000784
0.000832
0.000832
0.00466133
0.00554667
0.00554667
0.00554667
0.00554667
0.00554667
0.017472
0.106992
0.000832
0.000832
0.000832
0.000832
0.0005984
0.0002336
0.000832
0.000832
0.126592
0.000832
0.000832
0.000832
0.000592
0.00024
0.000592
0.00024
0.000592
0.00024
0.000592
0.00024
0.000592
0.00024
0.000592
0.000832
0.1196
0.000832
0.000832
0.000832
0.000272
0.00056
0.000272
0.00056
0.000272
0.00056
0.000272
0.00056
0.000272
0.00056
0.000272
0.00056
0.00408
0.00554667
0.124144
0.000832
0.000832
0.000832
0.000272
0.00056
0.000272
0.00056
0.000272
0.00056
0.000272
0.00056
0.000272
0.00056
0.000272
0.00056
0.000272
0.00056
0.000762667
0.00554667
0.124144
0.000832
0.000832
0.000832
0.000272
0.00056
0.000272
0.00056
0.000272
0.00056
0.000272
0.00056
0.000272
0.00056
0.000272
0.00056
0.00408
0.000832
0.00271467
0.00754667
0.00554667
0.124144
0.000832
0.000832
0.000832
0.000272
0.00056
0.000272
0.00056
0.000272
0.00056
0.000272
0.00056
0.000272
0.00056
0.000272
0.00056
0.000272
0.00056
0.000272
0.00056
0.00547733
0.000832
0.00471467
0.124144
0.000832
0.000832
0.000832
0.000272
0.00056
0.000272
0.00056
0.000272
0.00056
0.000272
0.00056
0.000272
0.00056
0.000272
0.00056
0.000272
0.00056
0.001248
0.00754667
0.00554667
0.00562347
0.12408
0.000832
0.000832
0.001424
0.000832
0.0107733
0.00554667
0.129876
0.000832
0.000832
0.000832
0.000208
0.000624
0.000208
0.000624
0.000208
0.000832
0.000832
0.000832
0.120112
0.000832
0.000832
0.000832
0.000272
0.00056
0.000272
0.00056
0.000272
0.00056
0.000272
0.000832
0.000832
0.000832
0.12088
0.000832
0.000832
0.000832
0.000272
0.00056
0.000272
0.00056
0.000272
0.00056
0.000272
0.00056
0.000272
0.000832
0.000832
0.000832
0.120688
0.000832
0.000832
0.000832
0.000272
0.00056
0.000272
0.00056
0.000272
0.00056
0.000272
0.00056
0.000272
0.00056
0.000272
0.00304
0.00554667
0.000832
0.123312
0.000832
0.000832
0.000832
0.000272
0.00056
0.000272
0.00056
0.000272
0.00056
0.000272
0.00056
0.000272
0.00056
0.000272
0.00056
0.000272
0.00292267
0.00554667
0.000832
0.123312
0.000832
0.000832
0.000832
0.000272
0.00056
0.000272
0.00056
0.000272
0.00056
0.000272
0.00056
0.000272
0.00056
0.000272
0.00056
0.000832
0.001648
0.00554667
0.00554667
0.00554667
0.124144
0.000832
0.000832
0.000832
0.000272
0.00056
0.000272
0.00056
0.000272
0.00056
0.000272
0.00056
0.000272
0.00056
0.000272
0.00056
0.000272
0.00056
0.000272
0.00056
0.00153067
0.00554667
0.00554667
0.124144
0.000832
0.000832
0.000832
0.000272
0.00056
0.000272
0.00056
0.000272
0.00056
0.000272
0.00056
0.000272
0.00056
0.000272
0.00056
0.000272
0.00056
0.000272
0.00056
0.00636267
0.00562347
0.00554667
0.12408
0.000832
0.000832
0.001424
0.004608
0.143777
0.000832
0.000832
0.000832
0.0002592
0.0005728
0.0002592
0.0005728
0.0002592
0.000832
0.000832
0.000832
0.119792
0.000832
0.000832
0.000832
0.000272
0.00056
0.000272
0.00056
0.000272
0.00056
0.000272
0.000832
0.000832
0.000832
0.12088
0.000832
0.000832
0.000832
0.000272
0.00056
0.000272
0.00056
0.000272
0.00056
0.000272
0.00056
0.000272
0.000832
0.000832
0.000832
0.120688
0.000832
0.000832
0.000832
0.000272
0.00056
0.000272
0.00056
0.000272
0.00056
0.000272
0.00056
0.000272
0.00056
0.000272
0.00304
0.000832
0.00471467
0.124144
0.000832
0.000832
0.000832
0.000272
0.00056
0.000272
0.00056
0.000272
0.00056
0.000272
0.00056
0.000272
0.00056
0.000272
0.00056
0.000272
0.00292267
0.00554667
0.000832
0.123312
0.000832
0.000832
0.000832
0.000272
0.00056
0.000272
0.00056
0.000272
0.00056
0.000272
0.00056
0.000272
0.00056
0.000272
0.00056
0.000832
0.001648
0.00554667
0.00554667
0.00554667
0.000832
0.123312
0.000832
0.000832
0.000832
0.000272
0.00056
0.000272
0.00056
0.000272
0.00056
0.000272
0.00056
0.000272
0.00056
0.000272
0.00056
0.000272
0.00056
0.00236267
0.00554667
0.00554667
0.00554667
0.124144
0.000832
0.000832
0.000832
0.000272
0.00056
0.000272
0.00056
0.000272
0.00056
0.000272
0.00056
0.000272
0.00056
0.000272
0.00056
0.000272
0.00056
0.000272
0.00056
0.000816
0.00554667
0.00554667
0.00554667
0.124144
0.000832
0.000832
0.000832
0.000272
0.00056
0.000272
0.00056
0.000272
0.00056
0.000272
0.00056
0.000272
0.00056
0.000272
0.00056
0.000272
0.00056
0.000272
0.00056
0.00153067
0.00562347
0.00554667
0.00554667
0.12408
0.000832
0.000832
0.0042304
0.0042144
0.0658112
0.0697397
0.000832
0.000832
0.000832
0.000832
0.000832
0.048464
0.000832
0.0728736
0.000832
0.000832
0.000832
0.000832
0.000832
0.048848
0.000832
0.000832
0.0723744
0.000832
0.000832
0.0520416
0.000832
0.000832
0.0726944
0.000832
0.000832
0.0508256
0.000832
0.000832
0.000832
0.071856
0.000832
0.000832
0.000832
0.049872
0.000832
0.000832
0.000832
0.000832
0.071344
0.000832
0.000832
0.000832
0.049872
0.000832
0.000832
0.000832
0.000832
0.000832
0.0542048
0.000832
0.000832
0.000832
0.000832
0.0327072
0.000832
0.000832
0.000832
0.000832
0.000832
0.000832
0.0185675
0.000832
0.00471467
0.00554667
0.00554667
0.00554667
0.0195979
0.00179733
0.00554667
0.00554667
0.00554667
0.00554667
0.000832
0.00471467
0.0243232
0.000832
0.000832
0.000832
0.000832
0.000832
0.00347947
0.0361248
0.000832
0.000832
0.000832
0.000832
0.000832
0.00109653
0.00554667
0.000832
0.023472
0.000832
0.000832
0.000832
0.000832
0.000832
0.00429653
0.00554667
0.044432
0.000832
0.000832
0.000832
0.000832
0.000832
0.000832
0.00188693
0.00554667
0.000832
0.023472
0.000832
0.000832
0.000832
0.000832
0.000832
0.003456
0.00554667
0.00554667
0.052752
0.000832
0.000832
0.000832
0.000832
0.000832
0.000832
0.000832
0.000832
0.000832
0.0225973
0.000832
0.000832
0.000832
0.000832
0.004288
0.00554667
0.000832
0.00471467
0.00554667
0.061072
0.000832
0.000832
0.000832
0.000832
0.000832
0.000832
0.000832
0.000832
0.000832
0.000832
0.018352
0.000832
0.000832
0.000832
0.000832
0.000832
0.00430933
0.00554667
0.000832
0.00471467
0.00554667
0.069392
0.000832
0.000832
0.000832
0.000832
0.000832
0.000832
0.000832
0.000832
0.000832
0.000832
0.000832
0.01784
0.000832
0.000832
0.000832
0.000832
0.000832
0.00220267
0.00554667
0.00554667
0.00554667
0.000832
0.00471467
0.077712
0.000832
0.000832
0.000832
0.000832
0.000832
0.000832
0.000832
0.000832
0.000832
0.000832
0.000832
0.000832
0.017328
0.000832
0.000832
0.000832
0.000832
0.000832
0.000832
0.003264
0.00554667
0.00554667
0.00554667
0.000832
0.00471467
0.077712
0.000832
0.000832
0.000832
0.000832
0.000832
0.000832
0.000832
0.000832
0.000832
0.000832
0.000832
0.000832
0.010496
0.015472
0.000832
0.000832
0.000832
0.000832
0.000832
0.000832
0.000832
0.00509867
0.00554667
0.00554667
0.00554667
0.00554667
0.000832
0.07688
0.000832
0.000832
0.000832
0.000832
0.000832
0.000832
0.000832
0.000832
0.000832
0.000832
0.000832
0.000832
0.002176
0.01696
0.015472
0.000832
0.000832
0.000832
0.000832
0.000832
0.000832
0.000832
0.00221867
0.00554667
0.00554667
0.00554667
0.00554667
0.077712
0.000832
0.000832
0.000832
0.000832
0.0497824
0.000832
0.0795808
0.000832
0.000832
0.000832
0.000832
0.046896
0.000832
0.000832
0.0757792
0.000832
0.000832
0.000832
0.000832
0.000832
0.0456928
0.000832
0.000832
0.000832
0.000832
0.000832
0.0738016
0.000832
0.000832
0.000832
0.0483616
0.000832
0.000832
0.000832
0.000832
0.000832
0.000832
0.0733536
0.000832
0.000832
0.000832
0.000832
0.000832
0.000832
0.000832
0.043888
0.000832
0.000832
0.000832
0.000832
0.000832
0.000832
0.000832
0.072784
0.000832
0.000832
0.000832
0.000832
0.000832
0.000832
0.000832
0.045168
0.000832
0.000832
0.000832
0.000832
0.000832
0.000832
0.000832
0.000832
0.072272
0.000832
0.000832
0.000832
0.000832
0.000832
0.000832
0.000832
0.000832
0.044336
0.000832
0.000832
0.000832
0.000832
0.000832
0.000832
0.000832
0.000832
0.000832
0.07176
0.000832
0.000832
0.000832
0.000832
0.000832
0.000832
0.000832
0.000832
0.000832
0.043824
0.000832
0.000832
0.000832
0.000832
0.000832
0.000832
0.000832
0.000832
0.000832
0.000832
0.071248
0.000832
0.000832
0.000832
0.000832
0.000832
0.000832
0.000832
0.000832
0.000832
0.000832
0.043312
0.000832
0.000832
0.000832
0.000832
0.000832
0.000832
0.000832
0.000832
0.000832
0.000832
0.000832
0.070416
0.000832
0.000832
0.000832
0.000832
0.000832
0.000832
0.000832
0.000832
0.000832
0.000832
0.000832
0.0428
0.000832
0.000832
0.000832
0.000832
0.000832
0.000832
0.000832
0.000832
0.000832
0.000832
0.000832
0.000832
0.070224
0.000832
0.000832
0.000832
0.000832
0.000832
0.000832
0.000832
0.000832
0.000832
0.000832
0.000832
0.000832
0.042288
0.000832
0.000832
0.000832
0.000832
0.000832
0.000832
0.000832
0.000832
0.000832
0.000832
0.000832
0.000832
0.000832
0.0764587
0.000832
0.000832
0.000832
0.000832
0.000832
0.000832
0.000832
0.000832
0.000832
0.000832
0.000832
0.000832
0.002176
0.040432
0.000832
0.000832
0.000832
0.000832
0.000832
0.000832
0.000832
0.000832
0.000832
0.000832
0.00324267
0.000832
0.00471467
0.00554667
0.077712
0.000832
0.000832
0.000832
0.000832
0.000832
0.000832
0.000832
0.000832
0.000832
0.000832
0.000832
0.000832
0.002176
0.000832
0.03992
0.000832
0.000832
0.000832
0.000832
0.000832
0.000832
0.000832
0.000832
0.000832
0.0150016
0.0775712
0.000832
0.000832
0.000832
0.0525472
0.0673856
0.0100064
0.000832
0.000832
0.0876992
0.0274784
0.000832
0.0939552
0.000832
0.0312928
0.000832
0.000832
0.000832
0.0913952
0.000832
0.000832
0.0307808
0.000832
0.000832
0.000832
0.0921632
0.000832
0.000832
0.000832
0.030256
0.000832
0.000832
0.000832
0.091792
0.000832
0.000832
0.000832
0.000832
0.029744
0.000832
0.000832
0.000832
0.000832
0.09096
0.000832
0.000832
0.000832
0.000832
0.030064
0.000832
0.000832
0.000832
0.000832
0.000832
0.090448
0.000832
0.000832
0.000832
0.000832
0.000832
0.029232
0.000832
0.000832
0.000832
0.000832
0.000832
0.000832
0.081616
0.000832
0.000832
0.000832
0.000832
0.000832
0.000832
0.0287264
0.000832
0.000832
0.000832
0.000832
0.000832
0.000832
0.000832
0.0810976
0.000832
0.000832
0.000832
0.000832
0.000832
0.000832
0.000832
0.003248
0.000832
0.000832
0.000832
0.000832
0.000832
0.000832
0.003568
0.0439627
0.00554667
0.00554667
0.00554667
0.00554667
0.000832
0.00471467
0.00554667
0.00554667
0.057584
0.000832
0.000832
0.000832
0.000832
0.00072
0.000112
0.00072
0.000112
0.00072
0.000112
0.000832
0.00253333
0.00554667
0.00554667
0.000832
0.00471467
0.00554667
0.00554667
0.065904
0.000832
0.000832
0.000832
0.000592
0.00024
0.000592
0.00024
0.000832
0.000832
0.002864
0.00354667
0.00554667
0.00754667
0.00554667
0.00554667
0.00554667
0.00554667
0.000832
0.00471467
0.00554667
0.074224
0.000832
0.000832
0.000832
0.000272
0.00056
0.000272
0.00056
0.000528
0.000304
0.000656
0.000176
0.000832
0.000832
0.000832
0.00236267
0.00554667
0.00554667
0.00554667
0.00554667
0.000832
0.00471467
0.00554667
0.082544
0.000832
0.000832
0.000832
0.000272
0.00056
0.000272
0.00056
0.000272
0.00056
0.000272
0.00056
0.000832
0.000832
0.000832
0.00242133
0.00754667
0.00554667
0.00554667
0.00554667
0.00554667
0.00554667
0.00554667
0.000832
0.00471467
0.090864
0.000832
0.000832
0.000832
0.000272
0.00056
0.000272
0.00056
0.000272
0.00056
0.000272
0.00056
0.000784
4.8e-05
0.000832
0.000832
0.000832
0.000832
0.00112533
0.00554667
0.00554667
0.00554667
0.00554667
0.00554667
0.00554667
0.000832
0.00471467
0.099184
0.000832
0.000832
0.000832
0.000272
0.00056
0.000272
0.00056
0.000272
0.00056
0.000272
0.00056
0.000272
0.00056
0.000832
0.000832
0.000832
0.000832
0.000832
0.00149867
0.00554667
0.00554667
0.00554667
0.00554667
0.00554667
0.00554667
0.00554667
0.00554667
0.000832
0.106672
0.000832
0.000832
0.000832
0.000272
0.00056
0.000272
0.00056
0.000272
0.00056
0.000272
0.00056
0.000272
0.00056
0.000832
0.000832
0.000832
0.000832
0.000832
0.000832
0.00551147
0.143487
0.000832
0.000832
0.000832
0.0004128
0.0004192
0.0007392
9.28e-05
0.000832
0.0028448
0.000832
0.000832
0.000832
0.114742
0.0011552
0.000832
0.000832
0.000832
0.000832
0.121853
0.0021216
0.000832
1.06581e-14
0.124848
0.000832
0.001616
0.000832
0.122794
0.000832
0.000832
0.000656
0.000176
0.000656
0.000832
0.12232
0.000832
0.000832
0.0008096
0.000832
0.000832
0.000832
0.122096
0.000832
0.000832
0.000784
4.8e-05
0.000784
0.000832
0.000832
0.000832
0.121264
0.000832
0.000832
0.000784
4.8e-05
0.000784
4.8e-05
0.000784
0.000832
0.000832
0.000832
0.121072
0.000832
0.000832
0.000784
4.8e-05
0.000784
4.8e-05
0.000784
4.8e-05
0.000784
0.000832
0.000832
0.000832
0.12088
0.000832
0.000832
0.000784
4.8e-05
0.000784
4.8e-05
0.000784
4.8e-05
0.000784
4.8e-05
0.000784
0.000832
0.000832
0.000832
0.120688
0.000832
0.000832
0.000784
4.8e-05
0.000784
4.8e-05
0.000784
4.8e-05
0.000784
4.8e-05
0.000784
4.8e-05
0.000784
0.000832
0.002848
0.000832
0.123312
0.000832
0.000832
0.000784
4.8e-05
0.000784
4.8e-05
0.000784
4.8e-05
0.000784
4.8e-05
0.000784
4.8e-05
0.000784
4.8e-05
0.000784
0.00292267
0.00554667
0.124144
0.000832
0.000832
0.000784
4.8e-05
0.000784
4.8e-05
0.000784
4.8e-05
0.000784
4.8e-05
0.000784
4.8e-05
0.000784
4.8e-05
0.000784
4.8e-05
0.000784
0.002016
0.00554667
0.124144
0.000832
0.000832
0.000784
4.8e-05
0.000784
4.8e-05
0.000784
4.8e-05
0.000784
4.8e-05
0.000784
4.8e-05
0.000784
4.8e-05
0.000784
0.000832
9.06667e-05
0.00754667
0.00554667
0.00554667
0.124144
0.000832
0.000832
0.000784
4.8e-05
0.000784
4.8e-05
0.000784
4.8e-05
0.000784
4.8e-05
0.000784
4.8e-05
0.000784
4.8e-05
0.000784
4.8e-05
0.000784
4.8e-05
0.000784
0.001184
0.00554667
0.00554667
0.124144
0.000832
0.000832
0.000784
4.8e-05
0.000784
4.8e-05
0.000784
4.8e-05
0.000784
4.8e-05
0.000784
4.8e-05
0.000784
4.8e-05
0.000784
4.8e-05
0.000784
4.8e-05
0.00204267
0.00354667
0.00762347
0.00554667
0.124074
0.000832
0.000832
0.000832
2.24e-05
0.0008096
0.000832
0.000832
0.000832
0.000832
0.0007904
4.16e-05
0.000832
0.000832
0.00467627
0.00770027
0.12955
0.000832
0.000832
0.000832
0.0004128
0.0004192
0.000832
0.0007264
0.0001056
0.0007264
0.0001056
0.0007264
0.0001056
0.0007264
0.0001056
0.0007264
0.0001056
0.000832
0.000832
0.000832
0.119296
0.000832
0.000832
0.000832
0.000272
0.00056
0.0004
0.000432
0.0004
0.000432
0.0004
0.000432
0.0004
0.000432
0.0004
0.000432
0.000832
0.00636267
0.00354667
0.00554667
0.00554667
0.12647
0.0026976
0.000832
0.000832
0.000832
0.000832
0.000832
0.000832
0.000832
0.132364
0.000832
0.000832
0.000144
0.000688
0.000144
0.000688
0.000144
0.000688
0.000144
0.000688
0.000144
0.000832
0.000832
0.000832
0.000832
0.119216
0.000832
0.000832
0.000784
4.8e-05
0.000784
4.8e-05
0.000784
4.8e-05
0.000784
4.8e-05
0.000784
4.8e-05
0.000784
0.000832
0.000832
0.003296
0.00554667
0.124144
0.000832
0.000832
0.000784
4.8e-05
0.000784
4.8e-05
0.000784
4.8e-05
0.000784
4.8e-05
0.000784
4.8e-05
0.000784
4.8e-05
0.000784
0.000832
0.000832
0.000832
0.00469333
0.124144
0.000832
0.000832
0.000784
4.8e-05
0.000784
4.8e-05
0.000784
4.8e-05
0.000784
4.8e-05
0.000784
4.8e-05
0.000784
4.8e-05
0.000784
4.8e-05
0.00408
0.00554667
0.00554667
0.000832
0.00471467
0.124144
0.000832
0.000832
0.000784
4.8e-05
0.000784
4.8e-05
0.000784
4.8e-05
0.000784
4.8e-05
0.000784
4.8e-05
0.000784
4.8e-05
0.000784
4.8e-05
0.000784
4.8e-05
0.000784
0.00552533
0.00554667
0.00554667
0.000832
0.123312
0.000832
0.000832
0.000784
4.8e-05
0.000784
4.8e-05
0.000784
4.8e-05
0.000784
4.8e-05
0.000784
4.8e-05
0.000784
4.8e-05
0.000784
4.8e-05
0.000784
4.8e-05
0.001248
0.00762347
0.00554667
0.00554667
0.124074
0.000832
0.000832
0.000832
0.000832
0.000832
0.000832
0.000832
0.000832
0.0005408
0.0002912
0.000832
0.000832
0.000832
0.00486933
0.0110165
0.000832
0.000832
0.122339
0.000832
0.000832
0.000832
0.000832
0.0006624
0.0001696
0.0006624
0.0001696
0.0008544
0.000832
0.124413
0.000832
0.0026336
0.000832
0.000832
0.0653856
0.002384
0.12369
0.000832
0.000976
0.000832
0.1228
0.000832
0.000832
0.000464
0.000832
0.000832
0.122288
0.000832
0.000832
0.000784
4.8e-05
0.000784
0.000832
0.000832
0.113462
0.000832
0.000832
0.0004576
0.0003744
0.0004576
0.000832
0.000832
0.000832
0.0513717
0.000832
0.00194133
0.00277333
0.00477333
0.000773333
0.00477333
0.00277333
0.00277333
0.00277333
0.0326347
0.00277333
0.00277333
0.000832
0.00194133
0.00477333
0.000773333
5.86667e-05
0.00471467
0.00277333
0.00277333
0.00277333
0.0298613
0.00277333
0.00277333
0.00277333
0.000832
0.00194133
0.00477333
0.000773333
0.00477333
0.000832
0.00194133
0.00277333
0.0096864
0.000832
0.0193429
0.00277333
0.00277333
0.00277333
0.00277333
0.000832
0.00194133
0.00477333
0.000773333
0.00477333
0.00277333
0.000832
0.00194133
0.00277333
0.0177931
0.000832
0.0056896
0.00277333
0.00277333
0.00277333
0.00277333
0.00277333
0.00277333
0.000832
0.00394133
0.000773333
0.00477333
0.00277333
0.00277333
0.00277333
0.000832
0.00194133
0.0245397
0.000832
0.000528
0.000304
0.000528
0.000356267
0.00277333
0.00277333
0.00277333
0.00277333
0.000832
0.00394133
0.000773333
0.00477333
0.00277333
0.00277333
0.00277333
0.00277333
0.000832
0.00194133
0.032624
0.000832
0.000832
0.000464
0.000368
0.000464
0.000368
0.0024544
0.00277333
0.00277333
0.00277333
0.00477333
0.000773333
0.000832
0.00394133
0.00277333
0.00277333
0.00277333
0.00277333
0.00277333
0.00277333
0.000832
0.040112
0.000832
0.000832
0.000784
4.8e-05
0.000784
4.8e-05
0.000832
0.000832
0.000832
0.000832
0.0006656
0.000773333
0.00277333
0.000832
0.00394133
0.00277333
0.00277333
0.00277333
0.00277333
0.00277333
0.00277333
0.00277333
0.000832
0.040112
0.000832
0.000832
0.000784
4.8e-05
0.000784
4.8e-05
0.000832
0.000832
0.000832
0.00273173
0.00477333
0.000773333
0.00277333
0.00277333
0.00477333
0.00277333
0.00277333
0.00277333
0.00277333
0.00277333
0.00277333
0.00277333
0.00277333
0.049264
0.000832
0.000832
0.000784
4.8e-05
0.000784
4.8e-05
0.000784
4.8e-05
0.000832
1.6e-05
0.000816
0.000464
0.000368
0.0006656
0.0001664
0.000832
0.000832
0.000832
0.000110933
0.00277333
0.00277333
0.00277333
0.00277333
0.00277333
0.00277333
0.057584
0.000832
0.000832
0.000784
4.8e-05
0.000784
4.8e-05
0.000784
4.8e-05
0.000784
4.8e-05
0.000784
4.8e-05
0.000832
0.0011264
0.000773333
0.00477333
0.000773333
0.00277333
0.00277333
0.00277333
0.00477333
0.00277333
0.00277333
0.00277333
0.00277333
0.00277333
0.00277333
0.065904
0.000832
0.000832
0.000784
4.8e-05
0.000784
4.8e-05
0.000784
4.8e-05
0.000784
4.8e-05
0.000784
4.8e-05
0.000784
4.8e-05
0.000784
4.8e-05
0.000784
4.8e-05
0.000784
4.8e-05
0.000832
0.000110933
0.000721067
0.000832
0.00122027
0.00277333
0.00277333
0.00277333
0.00277333
0.074224
0.000832
0.000832
0.000784
4.8e-05
0.000784
4.8e-05
0.000784
4.8e-05
0.000784
4.8e-05
0.000784
4.8e-05
0.000784
4.8e-05
0.000784
4.8e-05
0.000784
0.000283733
0.00477333
0.000773333
0.0131701
0.0852917
0.0041216
0.001616
0.00384
0.090352
0.000832
0.000832
0.0005216
0.0003104
0.0005216
0.0003104
0.0005216
0.0003104
0.0005216
0.0003104
0.0005216
0.000832
0.000832
0.094
0.000832
0.000832
0.000784
4.8e-05
0.000784
4.8e-05
0.000784
4.8e-05
0.000784
4.8e-05
0.000784
4.8e-05
0.000784
0.000832
0.000832
0.104368
0.000832
0.000832
0.000784
4.8e-05
0.000784
4.8e-05
0.000784
4.8e-05
0.000784
4.8e-05
0.000784
4.8e-05
0.000784
4.8e-05
0.000784
0.000832
0.000832
0.112496
0.000832
0.000832
0.000784
4.8e-05
0.000784
4.8e-05
0.000784
4.8e-05
0.000784
4.8e-05
0.000784
4.8e-05
0.000784
4.8e-05
0.000784
4.8e-05
0.000784
0.000832
0.000832
0.120624
0.000832
0.000832
0.000784
4.8e-05
0.000784
4.8e-05
0.000784
4.8e-05
0.000784
4.8e-05
0.000784
4.8e-05
0.000784
4.8e-05
0.000784
4.8e-05
0.000784
4.8e-05
0.000784
0.000832
0.000832
0.120432
0.000832
0.000832
0.000784
4.8e-05
0.000784
4.8e-05
0.000784
4.8e-05
0.000784
4.8e-05
0.000784
4.8e-05
0.000784
4.8e-05
0.000784
4.8e-05
0.000784
4.8e-05
0.000784
4.8e-05
0.000784
0.000832
0.120752
0.000832
0.000832
0.000832
2.24e-05
0.0008096
2.24e-05
0.0008096
2.24e-05
0.0008096
0.000832
0.000832
0.000832
0.0006624
0.0001696
0.000832
0.000832
0.122112
0.000832
0.000832
0.000832
0.0004128
0.0004192
0.0004128
0.0004192
0.0004128
0.0004192
0.0004128
0.0004192
0.0004128
0.0004192
0.000832
0.000832
0.000832
0.000832
0.000832
0.119808
0.000832
0.000832
0.000832
0.0003424
0.0004896
0.0003424
0.0004896
0.0003424
0.0004896
0.0003424
0.0004896
0.0003424
0.0004896
0.0003424
0.0004896
0.000832
0.000832
0.000832
0.000832
0.120128
0.000832
0.000832
0.000832
0.000272
0.00056
0.000272
0.00056
0.000272
0.00056
0.000272
0.00056
0.000272
0.00056
0.000272
0.00056
0.000272
0.00056
0.000832
0.000832
0.000832
0.000832
0.119552
0.000832
0.000832
0.000832
0.000272
0.00056
0.000272
0.00056
0.000272
0.00056
0.000272
0.00056
0.000272
0.00056
0.000272
0.00056
0.000272
0.00056
0.000272
0.00056
0.000832
0.000832
0.000832
0.120192
0.000832
0.000832
0.000832
0.000272
0.00056
0.000272
0.00056
0.000272
0.00056
0.000272
0.00056
0.000272
0.00056
0.000272
0.00056
0.000272
0.00056
0.000272
0.00056
0.000272
0.00056
0.113645
0.0029792
0.000832
0.000832
0.000832
0.000832
0.000832
0.000832
0.000832
0.000832
0.000832
0.063536
0.000832
0.000832
0.000144
0.000688
0.000144
0.000688
0.000144
0.000688
0.000144
0.000688
0.000144
0.000832
0.000832
0.000832
0.002352
0.000832
0.00194133
0.0993237
0.000832
0.000832
0.000832
0.0001376
0.0006944
0.0001376
0.0006944
0.0001376
0.0006944
0.0001376
0.000832
0.000832
0.000832
0.000832
0.000832
0.000832
0.000832
0.000832
0.060976
0.000832
0.000832
0.000832
0.000272
0.00056
0.000272
0.00056
0.000832
0.0032544
0.000773333
0.00477333
0.00277333
0.00277333
0.00277333
0.00277333
0.00277333
0.00277333
0.00277333
0.00277333
0.000832
0.073392
0.000832
0.000832
0.000832
0.000272
0.00056
0.000272
0.00056
0.000272
0.00056
0.000272
0.00056
0.000272
0.00056
0.000272
0.000832
0.000832
0.000832
0.000832
0.000832
0.000832
0.000832
0.077168
0.000832
0.000832
0.000832
0.000272
0.00056
0.000272
0.00056
0.000272
0.00056
0.000272
0.00056
0.000272
0.00056
0.000272
0.00056
0.000272
0.00274133
0.00277333
0.00277333
0.00277333
0.00277333
0.00277333
0.00277333
0.090864
0.000832
0.000832
0.000832
0.000272
0.00056
0.000272
0.00056
0.000272
0.00056
0.000272
0.00056
0.000272
0.00056
0.000272
0.00056
0.000272
0.00056
0.000272
0.000832
0.000832
0.000832
0.000832
0.000832
0.000832
0.000832
0.093104
0.000832
0.000832
0.000832
0.000272
0.00056
0.000272
0.00056
0.000272
0.00056
0.000272
0.00056
0.000272
0.00056
0.000272
0.00056
0.000272
0.00056
0.000272
0.00056
0.000272
0.000832
0.101255
0.000832
0.000832
0.000832
0.0004128
0.0004192
0.000832
0.000832
0.000832
0.000832
0.000832
2.88e-05
0.0008032
2.88e-05
0.0008032
0.10688
0.000832
0.000832
0.000832
0.0003424
0.0004896
0.0003424
0.0004896
0.000832
0.0001504
0.0006816
0.0001504
0.0006816
0.0001504
0.0006816
0.0001504
0.0006816
0.0001504
0.0006816
0.000832
0.111424
0.000832
0.000832
0.000832
0.0003424
0.0004896
0.0003424
0.0004896
0.0004064
0.0004256
0.0004064
0.0004256
0.0004064
0.0004256
0.0004064
0.0004256
0.0004064
0.0004256
0.000832
0.000832
0.000832
0.073552
0.04728
0.000832
0.000832
0.000832
0.000272
0.00056
0.000272
0.00056
0.000272
0.00056
0.000272
0.00056
0.000272
0.00056
0.000272
0.00056
0.000272
0.00056
0.000272
0.00056
0.000272
0.00056
0.000272
0.00056
0.000832
0.120192
0.000832
0.000832
0.000832
0.000832
0.000832
0.000832
0.000832
0.000784
4.8e-05
0.000784
4.8e-05
0.000784
4.8e-05
0.000784
4.8e-05
0.122797
0.0022016
0.002384
0.000832
0.000832
0.124656
0.000832
0.000832
0.000832
0.000144
0.000688
0.000144
0.000688
0.000832
0.121594
0.000832
0.000832
0.000832
0.000272
0.00056
0.000272
0.00056
0.000272
0.00056
0.000832
0.121856
0.000832
0.000832
0.000832
0.000272
0.00056
0.000272
0.00056
0.000272
0.00056
0.000272
0.00056
0.000832
0.121664
0.000832
0.000832
0.000832
0.000272
0.00056
0.000272
0.00056
0.000272
0.00056
0.000272
0.00056
0.000272
0.00056
0.000832
0.113158
0.000832
0.000832
0.000832
0.0002656
0.0005664
0.0003936
0.0004384
0.0003936
0.0004384
0.0003936
0.0004384
0.0003936
0.0004384
0.000832
0.000832
0.0485013
0.00277333
0.00277333
0.00277333
0.00477333
0.000773333
0.00477333
0.000773333
5.86667e-05
0.00471467
0.000773333
0.00477333
0.000773333
0.00477333
0.000773333
0.00277333
0.000832
0.00194133
0.0152213
0.00277333
0.00277333
0.00277333
0.00677333
0.000773333
0.00477333
0.000773333
0.00477333
0.000832
0.00194133
0.000773333
0.00477333
0.000773333
0.00477333
0.000773333
0.00277333
0.00277333
0.00277333
0.000832
0.00684267
0.00277333
0.00277333
0.00277333
0.00877333
0.000773333
0.00477333
0.000773333
0.00477333
0.00277333
0.00277333
0.000773333
5.86667e-05
0.00471467
0.000773333
0.0100651
0.000832
0.000656
0.000176
0.0021376
0.00277333
0.000832
0.00194133
0.00277333
0.00277333
0.00277333
0.008128
0.000773333
0.00477333
0.000773333
0.00477333
0.00277333
0.00277333
0.000773333
0.00477333
0.000832
0.00194133
0.000773333
0.0189451
0.000832
0.000832
0.000464
0.000368
0.000832
0.000832
0.0016
0.000832
0.00194133
0.00277333
0.00277333
0.00477333
0.000773333
0.00477333
0.000773333
0.00477333
0.00277333
0.00277333
0.000773333
0.00477333
0.00277333
0.00277333
0.000773333
5.86667e-05
0.0262453
0.000832
0.000832
0.000784
4.8e-05
0.000832
0.000832
0.000832
0.000832
0.00229333
0.00277333
0.00277333
0.00477333
0.000773333
0.00477333
0.000773333
0.00477333
0.00277333
0.00277333
0.000773333
0.00477333
0.00277333
0.00277333
0.000773333
0.00477333
0.000832
0.031792
0.000832
0.000832
0.000784
4.8e-05
0.000832
0.000832
0.000832
0.000832
0.000832
0.000832
0.000272
0.00056
0.000832
0.00415467
0.000773333
0.00477333
0.00277333
0.00277333
0.000773333
0.00477333
0.00277333
0.00277333
0.000773333
0.00477333
0.00277333
0.040944
0.000832
0.000832
0.000784
4.8e-05
0.000784
4.8e-05
0.000832
0.000832
1.6e-05
0.000816
0.000832
0.000832
0.000832
0.000832
0.00373867
0.000773333
0.00477333
0.00277333
0.00277333
0.000773333
0.00477333
0.00277333
0.00277333
0.000773333
0.00477333
0.00277333
0.040944
0.000832
0.000832
0.000784
4.8e-05
0.000784
4.8e-05
0.000784
4.8e-05
0.000784
4.8e-05
0.000832
0.000832
0.000832
0.00104533
0.00277333
0.00477333
0.000773333
0.00477333
0.00277333
0.00277333
0.000773333
0.00477333
0.00277333
0.00277333
0.000773333
0.00477333
0.00277333
0.049264
0.000832
0.000832
0.000784
4.8e-05
0.000784
4.8e-05
0.000784
4.8e-05
0.000784
4.8e-05
0.000784
4.8e-05
0.000832
0.000688
0.000144
0.000832
0.000832
0.000832
0.00290667
0.00277333
0.00277333
0.000773333
0.00477333
0.00277333
0.00277333
0.000773333
0.00477333
0.00277333
0.057584
0.000832
0.000832
0.000784
4.8e-05
0.000784
4.8e-05
0.000784
4.8e-05
0.000784
4.8e-05
0.000784
4.8e-05
0.000784
4.8e-05
0.000784
4.8e-05
0.000832
0.000832
0.00215467
0.00477333
0.00277333
0.00277333
0.000773333
0.00477333
0.00277333
0.00277333
0.000773333
0.00477333
0.00277333
0.065904
0.000832
0.000832
0.000784
4.8e-05
0.000784
4.8e-05
0.000784
4.8e-05
0.000784
4.8e-05
0.000784
4.8e-05
0.000784
4.8e-05
0.000784
4.8e-05
0.000784
4.8e-05
0.000832
0.000832
0.000133333
0.00277333
0.000773333
0.00477333
0.00277333
0.00277333
0.000773333
0.00477333
0.00277333
0.074224
0.000832
0.000832
0.000784
4.8e-05
0.000784
4.8e-05
0.000784
4.8e-05
0.000784
4.8e-05
0.000784
4.8e-05
0.000784
4.8e-05
0.000784
4.8e-05
0.000784
4.8e-05
0.000832
0.000832
0.0061728
0.0936117
0.0095072
0.000832
0.000832
0.000832
0.000832
0.000832
0.000832
0.08536
0.000832
0.000832
0.000144
0.000688
0.000144
0.000688
0.000144
0.000688
0.000144
0.000688
0.000144
0.000832
0.000832
0.000832
0.094768
0.000832
0.000832
0.000784
4.8e-05
0.000784
4.8e-05
0.000784
4.8e-05
0.000784
4.8e-05
0.000784
4.8e-05
0.000784
0.000832
0.000832
0.000832
0.103856
0.000832
0.000832
0.000784
4.8e-05
0.000784
4.8e-05
0.000784
4.8e-05
0.000784
4.8e-05
0.000784
4.8e-05
0.000784
4.8e-05
0.000784
0.000832
0.000832
0.000832
0.111984
0.000832
0.000832
0.000784
4.8e-05
0.000784
4.8e-05
0.000784
4.8e-05
0.000784
4.8e-05
0.000784
4.8e-05
0.000784
4.8e-05
0.000784
4.8e-05
0.000784
0.000832
0.000832
0.000832
0.111792
0.000832
0.000832
0.000784
4.8e-05
0.000784
4.8e-05
0.000784
4.8e-05
0.000784
4.8e-05
0.000784
4.8e-05
0.000784
4.8e-05
0.000784
4.8e-05
0.000784
4.8e-05
0.000784
0.000832
0.000832
0.000832
0.11992
0.000832
0.000832
0.000784
4.8e-05
0.000784
4.8e-05
0.000784
4.8e-05
0.000784
4.8e-05
0.000784
4.8e-05
0.000784
4.8e-05
0.000784
4.8e-05
0.000784
4.8e-05
0.000784
4.8e-05
0.000784
0.000832
0.121136
0.000832
0.000832
0.000832
2.24e-05
0.0008096
2.24e-05
0.0008096
0.000832
0.000832
0.000832
0.0007904
4.16e-05
0.000832
0.000832
0.000832
0.122112
0.000832
0.000832
0.000832
0.0004128
0.0004192
0.0004128
0.0004192
0.0004128
0.0004192
0.0004128
0.0004192
0.0004128
0.0004192
0.000832
0.000832
0.000832
0.000832
0.000832
0.11936
0.000832
0.000832
0.000832
0.0003424
0.0004896
0.0003424
0.0004896
0.0003424
0.0004896
0.0003424
0.0004896
0.0003424
0.0004896
0.0003424
0.0004896
0.000832
0.000832
0.000832
0.000832
0.120128
0.000832
0.000832
0.000832
0.000272
0.00056
0.000272
0.00056
0.000272
0.00056
0.000272
0.00056
0.000272
0.00056
0.000272
0.00056
0.000272
0.00056
0.000832
0.000832
0.000832
0.000832
0.119552
0.000832
0.000832
0.000832
0.000272
0.00056
0.000272
0.00056
0.000272
0.00056
0.000272
0.00056
0.000272
0.00056
0.000272
0.00056
0.000272
0.00056
0.000272
0.00056
0.000832
0.000832
0.000832
0.120192
0.000832
0.000832
0.000832
0.000272
0.00056
0.000272
0.00056
0.000272
0.00056
0.000272
0.00056
0.000272
0.00056
0.000272
0.00056
0.000272
0.00056
0.000272
0.00056
0.000272
0.00056
0.121965
0.0029792
0.000832
0.000832
0.000832
0.000832
0.000832
0.000832
0.000832
0.000832
0.000832
0.113462
0.000832
0.000832
0.0001376
0.0006944
0.0001376
0.0006944
0.0001376
0.0006944
0.0001376
0.0006944
0.0001376
0.000832
0.000832
0.000832
0.000832
0.000832
0.000832
0.0932384
0.000832
0.000832
0.000832
0.0001376
0.0006944
0.0001376
0.0006944
0.0001376
0.0006944
0.0001376
0.000832
0.000832
0.000832
0.000832
0.000832
0.000832
0.000832
0.000832
0.0450357
0.00277333
0.00277333
0.00277333
0.00477333
0.000773333
0.000832
0.00394133
0.000773333
0.00477333
0.000773333
0.00477333
0.00277333
0.00277333
0.00277333
0.00277333
0.00277333
0.00277333
0.000832
0.00194133
0.00277333
0.057584
0.000832
0.000832
0.000832
0.000272
0.00056
0.0004
0.000432
0.0004
0.000432
0.0004
0.000432
0.0004
0.000432
0.0004
0.000832
0.000832
0.000832
0.000832
0.000832
0.000832
0.000832
0.000832
0.059568
0.000832
0.000832
0.000832
0.000272
0.00056
0.000272
0.00056
0.003568
0.000773333
0.00477333
0.000773333
0.000832
0.00394133
0.000773333
0.00477333
0.00277333
0.00277333
0.00277333
0.00277333
0.00277333
0.00277333
0.00277333
0.000832
0.073392
0.000832
0.000832
0.000832
0.000832
0.000832
8.64e-05
0.0007456
0.000832
0.000832
0.000832
0.000832
0.083456
0.000832
0.000832
0.000832
0.000832
8e-05
0.000752
8e-05
0.000752
8e-05
0.000752
8e-05
0.000752
8e-05
0.000752
8e-05
0.000752
8e-05
0.000752
0.086208
0.000832
0.000832
0.000832
0.000592
0.00024
0.000592
0.00024
0.000592
0.00024
0.000592
0.00024
0.000592
0.00024
0.000592
0.00024
0.000592
0.00024
0.002288
0.000773333
0.101184
0.000832
0.000832
0.000832
0.000272
0.00056
0.000272
0.00056
0.000272
0.00056
0.000272
0.00056
0.000272
0.00056
0.000272
0.00056
0.000272
0.00056
0.000272
0.00056
0.000272
0.00056
0.104576
0.000832
0.000832
0.000832
0.000272
0.00056
0.000272
0.00056
0.000272
0.00056
0.000272
0.00056
0.000272
0.00056
0.000272
0.00056
0.000272
0.00056
0.000272
0.00056
0.000272
0.00056
0.000272
0.11295
0.000832
0.0021856
0.000832
0.000832
0.000832
0.000832
0.000832
0.000832
0.000832
0.000832
0.000832
0.113469
0.000832
0.000832
0.0007136
0.0001184
0.0007136
0.0001184
0.0007136
0.0001184
0.000832
0.0004576
0.000832
0.123178
0.000832
0.000832
0.000832
0.000832
0.000528
0.000304
0.000528
0.000304
0.000528
0.000304
0.000528
0.000832
0.121584
0.000832
0.000832
0.000832
0.000592
0.00024
0.000592
0.00024
0.000592
0.00024
0.000592
0.00024
0.000592
0.00024
0.000592
0.121712
0.000832
0.000832
0.000832
0.000272
0.00056
0.000272
0.00056
0.000272
0.00056
0.000272
0.00056
0.000272
0.00056
0.000272
0.00056
0.000272
0.12184
0.000832
0.000832
0.000832
0.000272
0.00056
0.000272
0.00056
0.000272
0.00056
0.000272
0.00056
0.000272
0.00056
0.000272
0.00056
0.000272
0.000832
0.113334
0.000832
0.000832
0.000832
0.0002656
0.0005664
0.0002656
0.0005664
0.0002656
0.0005664
0.0002656
0.0005664
0.0002656
0.0005664
0.0002656
0.0005664
0.0002656
0.0005664
0.0002656
0.000832
0.079536
0.000832
0.000832
0.000832
0.000272
0.00056
0.000272
0.00056
0.000272
0.00056
0.000272
0.00056
0.000272
0.00056
0.000832
0.0012064
0.000773333
0.00477333
0.000773333
5.86667e-05
0.00471467
0.00277333
0.0895136
0.000832
0.000832
0.000832
0.000272
0.00056
0.000272
0.00056
0.000272
0.00056
0.000272
0.00056
0.000272
0.00056
0.000272
0.00056
0.000272
0.00056
0.000272
0.00056
0.000272
0.00056
0.000272
0.000832
0.062512
0.000832
0.000832
0.000832
0.000272
0.00056
0.000272
0.00056
0.000832
0.002416
0.000773333
0.00477333
0.000773333
0.00477333
0.000773333
0.00477333
0.000773333
0.00477333
0.000773333
0.00477333
0.000773333
0.00477333
0.0742304
0.000832
0.002256
0.000832
0.001088
0.004608
0.082064
0.000832
0.000832
0.00056
0.000272
0.00056
0.000272
0.00056
0.000272
0.00056
0.000272
0.00056
0.0881056
0.000832
0.000832
0.000784
4.8e-05
0.000784
4.8e-05
0.000784
4.8e-05
0.000784
4.8e-05
0.000784
4.8e-05
0.000784
0.097072
0.000832
0.000832
0.000784
4.8e-05
0.000784
4.8e-05
0.000784
4.8e-05
0.000784
4.8e-05
0.000784
4.8e-05
0.000784
4.8e-05
0.000784
0.1052
0.000832
0.000832
0.000784
4.8e-05
0.000784
4.8e-05
0.000784
4.8e-05
0.000784
4.8e-05
0.000784
4.8e-05
0.000784
4.8e-05
0.000784
4.8e-05
0.000784
0.113328
0.000832
0.000832
0.000784
4.8e-05
0.000784
4.8e-05
0.000784
4.8e-05
0.000784
4.8e-05
0.000784
4.8e-05
0.000784
4.8e-05
0.000784
4.8e-05
0.000784
4.8e-05
0.000784
0.113136
0.000832
0.000832
0.000784
4.8e-05
0.000784
4.8e-05
0.000784
4.8e-05
0.000784
4.8e-05
0.000784
4.8e-05
0.000784
4.8e-05
0.000784
4.8e-05
0.000784
4.8e-05
0.000784
0.000832
0.121264
0.000832
0.000832
0.000784
4.8e-05
0.000784
4.8e-05
0.000784
4.8e-05
0.000784
4.8e-05
0.000784
4.8e-05
0.000784
4.8e-05
0.000784
4.8e-05
0.000784
4.8e-05
0.000784
4.8e-05
0.000784
0.000832
0.120752
0.000832
0.000832
0.000784
4.8e-05
0.000784
4.8e-05
0.000784
4.8e-05
0.000784
4.8e-05
0.000784
4.8e-05
0.000784
4.8e-05
0.000784
4.8e-05
0.000784
4.8e-05
0.000784
4.8e-05
0.000784
4.8e-05
0.121536
0.000832
0.000832
0.000832
2.24e-05
0.0008096
2.24e-05
0.0008096
2.24e-05
0.0008096
0.000832
0.000832
0.000832
0.0006624
0.0001696
0.000832
0.000832
0.122118
0.000832
0.0023264
0.000832
0.000832
0.0019136
0.000832
0.000832
0.123152
0.000832
0.000832
0.0004896
0.0003424
0.0004896
0.0003424
0.0004896
0.0003424
0.0004896
0.0003424
0.0004896
0.000832
0.112758
0.000832
0.000832
0.0007776
5.44e-05
0.0007776
5.44e-05
0.0007776
5.44e-05
0.0007776
5.44e-05
0.0007776
5.44e-05
0.0007776
0.000832
0.0493877
0.00277333
0.00277333
0.00477333
0.000773333
0.00477333
0.000773333
0.00477333
0.000773333
5.86667e-05
0.00471467
0.000773333
0.000832
0.00394133
0.000773333
0.00477333
0.00277333
0.0576608
0.000832
0.000832
0.000784
4.8e-05
0.000784
4.8e-05
0.000784
4.8e-05
0.000784
4.8e-05
0.000784
4.8e-05
0.000784
4.8e-05
0.000784
4.8e-05
0.000784
0.000832
0.0635072
0.000832
0.000832
0.000784
4.8e-05
0.000784
4.8e-05
0.00229547
0.000773333
0.00477333
0.000773333
0.00477333
0.000773333
0.00477333
0.000773333
5.86667e-05
0.00471467
0.000773333
0.000832
0.00394133
0.00277333
0.074224
0.000832
0.000832
0.000784
4.8e-05
0.000784
4.8e-05
0.000784
4.8e-05
0.000784
4.8e-05
0.000784
4.8e-05
0.000784
4.8e-05
0.000784
4.8e-05
0.000784
4.8e-05
0.000784
0.000832
0.000832
0.079152
0.000832
0.000832
0.000784
4.8e-05
0.000784
4.8e-05
0.000784
4.8e-05
0.000784
4.8e-05
0.000784
4.8e-05
0.000784
4.8e-05
0.000832
0.00301333
0.000773333
0.00477333
0.000773333
0.00477333
0.000832
0.00194133
0.090864
0.000832
0.000832
0.000832
2.24e-05
0.0008096
2.24e-05
0.0008096
2.24e-05
0.0008096
0.000832
0.000832
0.000832
0.000832
0.0001504
0.0006816
0.000832
0.09792
0.000832
0.000832
0.000832
0.000832
0.000832
1.6e-05
0.000816
1.6e-05
0.000816
1.6e-05
0.000816
1.6e-05
0.000816
1.6e-05
0.000816
1.6e-05
0.000816
0.000832
0.000832
0.102912
0.000832
0.000832
0.000832
0.000832
8e-05
0.000752
8e-05
0.000752
8e-05
0.000752
8e-05
0.000752
8e-05
0.000752
8e-05
0.000752
8e-05
0.000752
0.000832
0.000832
0.000832
0.111232
0.000832
0.000832
0.000832
0.000592
0.00024
0.000592
0.00024
0.000592
0.00024
0.000592
0.00024
0.000592
0.00024
0.000592
0.00024
0.000592
0.00024
0.000592
0.00024
0.000832
0.000832
0.000832
0.111872
0.000832
0.000832
0.000832
0.000272
0.00056
0.000272
0.00056
0.000272
0.00056
0.000272
0.00056
0.000272
0.00056
0.000272
0.00056
0.000272
0.00056
0.000272
0.00056
0.000272
0.00056
0.121965
0.0029792
0.000832
0.000832
0.000832
0.000832
0.000832
0.000832
0.000832
0.000832
0.122608
0.000832
0.000832
0.000144
0.000688
0.000144
0.000688
0.000144
0.000688
0.000144
0.000688
0.000144
0.000832
0.000832
0.000832
0.000832
0.000832
0.11871
0.000832
0.000832
0.000832
0.0001376
0.0006944
0.0001376
0.0006944
0.0001376
0.0006944
0.0001376
0.000832
0.000832
0.000832
0.000832
0.000832
0.000832
0.000832
0.06104
0.058688
0.000832
0.000832
0.000832
0.000272
0.00056
0.000272
0.00056
0.000272
0.00056
0.000272
0.00056
0.000272
0.00056
0.000272
0.00056
0.000272
0.000832
0.000832
0.000832
0.000832
0.000832
0.121328
0.0004
0.000432
0.0004
0.000432
0.0004
0.000432
0.0004
0.000432
0.0004
0.000832
0.000832
0.000832
0.000832
0.000832
0.000832
0.000832
0.000832
0.110768
0.000832
0.000832
0.000144
0.000688
0.000144
0.000688
0.000144
0.000688
0.000144
0.000832
0.000832
0.000832
0.000832
0.000832
0.000832
0.000832
0.000832
0.000832
0.000832
0.109622
0.000832
0.000832
0.0007776
5.44e-05
0.0007776
5.44e-05
0.0007776
5.44e-05
0.0007776
5.44e-05
0.0007776
0.000832
0.000832
0.000832
0.000832
0.000832
0.000832
0.000832
0.000832
0.000832
0.000832
0.0427317
0.00277333
0.00277333
0.00477333
0.000773333
0.00477333
0.000773333
0.00477333
0.000773333
0.00477333
0.000773333
0.000832
0.00394133
0.00277333
0.00277333
0.00277333
0.00277333
0.00277333
0.00277333
0.00277333
0.00277333
0.00277333
0.057584
0.000832
0.000656
0.000176
0.000832
0.000272
0.00056
0.000272
0.00056
0.000272
0.00056
0.000272
0.00056
0.000272
0.000832
0.000832
0.000832
0.000832
0.000832
0.000832
0.000832
0.000832
0.000832
0.060336
0.000832
0.000832
0.000464
0.000368
0.000592
0.00024
0.000832
0.000154667
0.000773333
0.00477333
0.000773333
0.00477333
0.000773333
0.00477333
0.00277333
0.00277333
0.00277333
0.00277333
0.00277333
0.00277333
0.00277333
0.00277333
0.074224
0.000832
0.000832
0.000832
0.000832
0.000832
8.64e-05
0.0007456
0.000832
0.000832
0.000832
0.083968
0.000832
0.000832
0.000832
0.000832
8e-05
0.000752
8e-05
0.000752
8e-05
0.000752
8e-05
0.000752
8e-05
0.000752
8e-05
0.000752
8e-05
0.08664
0.000832
0.000832
0.000832
0.000592
0.00024
0.000592
0.00024
0.000592
0.00024
0.000592
0.00024
0.000592
0.00024
0.000592
0.00024
0.000592
0.00024
0.000832
0.001776
0.099184
0.000832
0.000832
0.000832
0.000272
0.00056
0.000272
0.00056
0.000272
0.00056
0.000272
0.00056
0.000272
0.00056
0.000272
0.00056
0.000272
0.00056
0.000272
0.00056
0.000272
0.00056
0.104576
0.000832
0.000832
0.000832
0.000272
0.00056
0.000272
0.00056
0.000272
0.00056
0.000272
0.00056
0.000272
0.00056
0.000272
0.00056
0.000272
0.00056
0.000272
0.00056
0.000272
0.00056
0.000272
0.11295
0.000832
0.0021856
0.000832
0.000832
0.000832
0.000832
0.000832
0.000832
0.000832
0.000832
0.000832
0.113469
0.000832
0.000832
0.0007136
0.0001184
0.0007136
0.0001184
0.0007136
0.0001184
0.000832
0.0004576
0.000832
0.123178
0.000832
0.000832
0.000832
0.000832
0.000528
0.000304
0.000528
0.000304
0.000528
0.000832
0.000832
0.121584
0.000832
0.000832
0.000832
0.000592
0.00024
0.000592
0.00024
0.000592
0.00024
0.000592
0.00024
0.000592
0.000832
0.121392
0.000832
0.000832
0.000832
0.000272
0.00056
0.000272
0.00056
0.000272
0.00056
0.000272
0.00056
0.000272
0.00056
0.000272
0.000832
0.12152
0.000832
0.000832
0.000832
0.000272
0.00056
0.000272
0.00056
0.000272
0.00056
0.000272
0.00056
0.000272
0.00056
0.000272
0.00056
0.000272
0.000832
0.121328
0.000832
0.000832
0.000832
0.000272
0.00056
0.000272
0.00056
0.000272
0.00056
0.000272
0.00056
0.000272
0.00056
0.000272
0.00056
0.000272
0.00056
0.000272
0.000832
0.121136
0.000832
0.000832
0.000832
0.000272
0.00056
0.000272
0.00056
0.000272
0.00056
0.000272
0.00056
0.000272
0.00056
0.000272
0.00056
0.000272
0.00056
0.000272
0.00056
0.000272
0.000832
0.120944
0.000832
0.000832
0.000784
4.8e-05
0.000784
4.8e-05
0.000784
4.8e-05
0.000784
4.8e-05
0.000784
4.8e-05
0.000784
4.8e-05
0.000784
4.8e-05
0.000784
4.8e-05
0.000784
4.8e-05
0.000784
4.8e-05
0.104589
0.000832
0.000832
0.000832
9.6e-06
0.0008224
9.6e-06
0.0008224
9.6e-06
0.0008224
0.000832
0.000832
0.000832
0.0006496
0.0001824
0.000832
0.000832
0.0555584
0.000832
0.00369387
0.00554667
0.00546987
0.000832
0.0130347
0.049392
0.000832
0.000832
0.0004896
0.0003424
0.0004896
0.0003424
0.0004896
0.0003424
0.0004896
0.0003424
0.0004896
0.00394773
0.0610816
0.000832
0.000832
0.0007776
5.44e-05
0.0007776
5.44e-05
0.00439573
0.000773333
0.00477333
0.000773333
0.000832
0.00394133
0.000832
0.00194133
0.0575904
0.000832
0.000832
0.0007776
5.44e-05
0.0007776
5.44e-05
0.0007776
5.44e-05
0.0007776
0.000436267
0.00277333
0.00477333
0.00277333
0.00277333
0.000832
0.0428832
0.000832
0.000832
0.000832
0.00246293
0.000773333
0.00477333
0.000773333
0.00477333
0.000773333
0.00477333
0.000773333
0.00277333
0.00477333
0.00277333
0.00277333
0.00277333
0.000832
0.0317984
0.000832
0.000832
0.000832
0.000272
0.00056
0.000832
0.000432
0.000773333
0.00477333
0.000773333
0.00477333
0.000773333
0.00277333
0.00477333
0.00277333
0.00277333
0.00277333
0.00277333
0.040944
0.000832
0.000832
0.000832
0.000272
0.00056
0.000272
0.00056
0.000272
0.00056
0.000832
0.00191467
0.000773333
0.00477333
0.000773333
0.00277333
0.00477333
0.00277333
0.00277333
0.00277333
0.00277333
0.049264
0.000832
0.000832
0.000832
0.000272
0.00056
0.000272
0.00056
0.000272
0.00056
0.000272
0.00056
0.000832
0.000709333
0.000773333
0.00477333
0.000773333
0.00277333
0.00477333
0.00277333
0.00277333
0.00277333
0.00277333
0.057584
0.000832
0.000832
0.000832
0.000272
0.00056
0.000272
0.00056
0.000272
0.00056
0.000272
0.00056
0.000272
0.00056
0.000272
0.00056
0.000832
0.002192
0.000773333
0.00277333
0.00477333
0.00277333
0.00277333
0.00277333
0.00277333
0.065904
0.000832
0.000832
0.000832
0.000272
0.00056
0.000272
0.00056
0.000272
0.00056
0.000272
0.00056
0.000272
0.00056
0.000272
0.00056
0.000272
0.00056
0.000832
0.000986667
0.000773333
0.00277333
0.00477333
0.00277333
0.00277333
0.00277333
0.00277333
0.074224
0.000832
0.000832
0.000832
0.000272
0.00056
0.000272
0.00056
0.000272
0.00056
0.000272
0.00056
0.000272
0.00056
0.000272
0.00056
0.000272
0.00056
0.000272
0.00056
0.000272
0.00056
0.000832
0.000832
0.00441067
0.00277333
0.00277333
0.00277333
0.00277333
0.082544
0.000832
0.000832
0.000832
0.000272
0.00056
0.000272
0.00056
0.000272
0.00056
0.000272
0.00056
0.000272
0.00056
0.000272
0.00056
0.000272
0.00056
0.000272
0.00056
0.000272
0.000832
0.000832
0.001824
0.00277333
0.00277333
0.00277333
0.0825888
0.0029792
0.0005024
0.0003296
0.000832
0.000832
0.000832
0.000832
0.000832
0.000832
0.001664
0.0083968
0.0935733
0.000832
0.000832
0.000832
0.000832
0.000464
0.000368
0.000832
0.00072
0.0986656
0.000832
0.000832
0.000832
0.000592
0.00024
0.000592
0.00024
0.000592
0.00024
0.000592
0.00024
0.000592
0.000832
0.000832
0.10296
0.000832
0.000832
0.000832
0.000272
0.00056
0.000272
0.00056
0.000272
0.00056
0.000272
0.00056
0.000272
0.00056
0.000272
0.000832
0.000832
0.112688
0.000832
0.000832
0.000832
0.000272
0.00056
0.000272
0.00056
0.000272
0.00056
0.000272
0.00056
0.000272
0.00056
0.000272
0.00056
0.000272
0.000832
0.000832
0.120816
0.000832
0.000832
0.000832
0.000272
0.00056
0.000272
0.00056
0.000272
0.00056
0.000272
0.00056
0.000272
0.00056
0.000272
0.00056
0.000272
0.00056
0.000272
0.000832
0.000832
0.120624
0.000832
0.000832
0.000832
0.000272
0.00056
0.000272
0.00056
0.000272
0.00056
0.000272
0.00056
0.000272
0.00056
0.000272
0.00056
0.000272
0.00056
0.000272
0.00056
0.000272
0.000832
0.000832
0.120432
0.000832
0.000832
0.000832
0.000272
0.00056
0.000272
0.00056
0.000272
0.00056
0.000272
0.00056
0.000272
0.00056
0.000272
0.00056
0.000272
0.00056
0.000272
0.00056
0.000272
0.00056
0.000272
0.121264
0.000832
0.000832
0.000832
0.0003424
0.0004896
0.0003424
0.0004896
0.0003424
0.0004896
0.000832
0.000832
0.000832
0.000832
0.0001504
0.0006816
0.12295
0.000832
0.000832
0.0014944
0.000832
0.000832
0.0022976
0.000832
0.000832
0.122602
0.000832
0.000832
0.000656
0.000176
0.000656
0.000176
0.000656
0.000176
0.000656
0.000832
0.000832
0.121072
0.000832
0.000832
0.000784
4.8e-05
0.000784
4.8e-05
0.000784
4.8e-05
0.000784
4.8e-05
0.000784
0.000832
0.000832
0.112886
0.000832
0.000832
0.0007776
5.44e-05
0.0007776
5.44e-05
0.0007776
5.44e-05
0.0007776
5.44e-05
0.0007776
5.44e-05
0.0007776
0.000832
0.000832
0.0485557
0.00277333
0.00277333
0.00477333
0.000773333
0.000832
0.00394133
0.000773333
0.00477333
0.000773333
0.00477333
0.000773333
0.00477333
0.000773333
5.86667e-05
0.00471467
0.00277333
0.00277333
0.0576608
0.000832
0.000832
0.000784
4.8e-05
0.000832
8e-05
0.000752
8e-05
0.000752
8e-05
0.000752
8e-05
0.000752
8e-05
0.000752
8e-05
0.000832
0.000832
0.000832
0.0625472
0.000832
0.000832
0.000784
4.8e-05
0.000832
8e-05
0.000752
0.000832
0.0034048
0.000773333
0.00477333
0.000773333
0.00477333
0.000773333
0.00477333
0.000773333
0.00477333
0.00277333
0.000832
0.00194133
0.00277333
0.074224
0.000832
0.000832
0.000784
4.8e-05
0.000832
8e-05
0.000752
0.000208
0.000624
0.000208
0.000624
0.000208
0.000624
0.000208
0.000624
0.000208
0.000624
0.000208
0.000624
0.000208
0.000832
0.000832
0.000832
0.078384
0.000832
0.000832
0.000784
4.8e-05
0.000832
8e-05
0.000752
8e-05
0.000752
8e-05
0.000752
8e-05
0.000752
0.000752
8e-05
0.000832
0.00463467
0.000773333
0.00477333
0.000773333
0.00477333
0.00285013
0.0907936
0.000832
0.000832
0.000832
2.24e-05
0.0008096
0.0002144
0.0006176
0.000832
0.000832
0.000832
0.000832
0.0005984
0.0002336
0.0005984
0.0002336
0.000832
0.000832
0.097024
0.000832
0.000832
0.000832
0.000832
0.0002144
0.0006176
0.000832
0.000464
0.000368
0.000464
0.000368
0.000464
0.000368
0.000464
0.000368
0.000464
0.000368
0.000832
0.000832
0.000832
0.1024
0.000832
0.000832
0.000832
0.000592
0.00024
0.00072
0.000112
0.00072
0.000112
0.00072
0.000112
0.00072
0.000112
0.00072
0.000112
0.00072
0.000112
0.000832
0.000832
0.000832
0.000832
0.111552
0.000832
0.000832
0.000832
0.000272
0.00056
0.000272
0.00056
0.000272
0.00056
0.000272
0.00056
0.000272
0.00056
0.000272
0.00056
0.000272
0.00056
0.000272
0.00056
0.000832
0.000832
0.000832
0.111872
0.000832
0.000832
0.000832
0.000272
0.00056
0.000272
0.00056
0.000272
0.00056
0.000272
0.00056
0.000272
0.00056
0.000272
0.00056
0.000272
0.00056
0.000272
0.00056
0.000272
0.00056
0.121965
0.0029792
0.000832
0.000832
0.000832
0.000832
0.000832
0.000832
0.000832
0.000832
0.000832
0.121776
0.000832
0.000832
0.000144
0.000688
0.000144
0.000688
0.000144
0.000688
0.000144
0.000688
0.000144
0.000832
0.000832
0.000832
0.000832
0.000832
0.000832
0.118198
0.000832
0.000832
0.000832
0.0001376
0.0006944
0.0001376
0.0006944
0.0001376
0.0006944
0.0001376
0.000832
0.000832
0.000832
0.000832
0.000832
0.000832
0.000832
0.000832
0.059888
0.059328
0.000832
0.000832
0.000832
0.000272
0.00056
0.000272
0.00056
0.000272
0.00056
0.000272
0.00056
0.000272
0.00056
0.000272
0.00056
0.000272
0.000832
0.000832
0.000832
0.000832
0.000832
0.000832
0.120816
0.0004
0.000432
0.0004
0.000432
0.0004
0.000432
0.0004
0.000432
0.0004
0.000832
0.000832
0.000832
0.000832
0.000832
0.000832
0.000832
0.1116
0.000832
0.000832
0.0002144
0.0006176
0.0002144
0.0006176
0.0002144
0.0006176
0.118534
0.000832
0.000832
0.000832
0.000832
0.0005216
0.0003104
0.0005216
0.0003104
0.0005216
0.000832
0.000832
0.000832
0.0488117
0.00277333
0.00277333
0.00277333
0.00277333
0.00477333
0.000773333
5.86667e-05
0.00471467
0.000773333
0.000832
0.00394133
0.00277333
0.00277333
0.00277333
0.057584
0.000832
0.000832
0.000832
0.000592
0.00024
0.000592
0.00024
0.000592
0.00024
0.000592
0.00024
0.000592
0.000832
0.000832
0.000832
0.063776
0.000832
0.000832
0.000832
0.000272
0.00056
0.000272
0.00056
0.000832
0.003328
0.000773333
0.00477333
0.000773333
5.86667e-05
0.00471467
0.00277333
0.00277333
0.00277333
0.074224
0.000832
0.000832
0.000832
0.000272
0.00056
0.000272
0.00056
0.000272
0.00056
0.000272
0.00056
0.000272
0.00056
0.000272
0.00056
0.000272
0.000832
0.000832
0.000832
0.078704
0.000832
0.000832
0.000832
0.000272
0.00056
0.000272
0.00056
0.000272
0.00056
0.000272
0.00056
0.000272
0.00056
0.000832
0.0012
0.000773333
5.86667e-05
0.00471467
0.00277333
0.00277333
0.00277333
0.090864
0.000832
0.000832
0.000832
0.000272
0.00056
0.000272
0.00056
0.000272
0.00056
0.000272
0.00056
0.000272
0.00056
0.000272
0.00056
0.000272
0.00056
0.000272
0.00056
0.000272
0.000832
0.000832
0.000832
0.09496
0.000832
0.000832
0.000832
0.000272
0.00056
0.000272
0.00056
0.000272
0.00056
0.000272
0.00056
0.000272
0.00056
0.000272
0.00056
0.000272
0.00056
0.000272
0.00056
0.000272
0.00056
0.000272
0.000832
0.106604
0.000832
0.000832
0.000832
0.0003424
0.0004896
0.0003424
0.0004896
0.000832
0.000832
0.000832
0.000832
0.000832
0.0001504
0.0006816
0.000832
0.113798
0.000832
0.0023264
0.000832
0.000832
0.0018496
0.000832
0.11528
0.000832
0.000832
0.00056
0.000272
0.00056
0.000272
0.00056
0.000272
0.00056
0.000272
0.00056
0.000832
0.120746
0.000832
0.000832
0.000784
4.8e-05
0.000784
4.8e-05
0.000784
4.8e-05
0.000784
4.8e-05
0.000784
4.8e-05
0.000784
0.000832
0.12152
0.000832
0.000832
0.000784
4.8e-05
0.000784
4.8e-05
0.000784
4.8e-05
0.000784
4.8e-05
0.000784
4.8e-05
0.000784
4.8e-05
0.000784
0.000832
0.121328
0.000832
0.000832
0.000784
4.8e-05
0.000784
4.8e-05
0.000784
4.8e-05
0.000784
4.8e-05
0.000784
4.8e-05
0.000784
4.8e-05
0.000784
0.000832
0.000832
0.121136
0.000832
0.000832
0.000784
4.8e-05
0.000784
4.8e-05
0.000784
4.8e-05
0.000784
4.8e-05
0.000784
4.8e-05
0.000784
4.8e-05
0.000784
4.8e-05
0.000784
0.000832
0.000832
0.120624
0.000832
0.000832
0.000784
4.8e-05
0.000784
4.8e-05
0.000784
4.8e-05
0.000784
4.8e-05
0.000784
4.8e-05
0.000784
4.8e-05
0.000784
4.8e-05
0.000784
4.8e-05
0.000784
0.000832
0.000832
0.120432
0.000832
0.000832
0.000784
4.8e-05
0.000784
4.8e-05
0.000784
4.8e-05
0.000784
4.8e-05
0.000784
4.8e-05
0.000784
4.8e-05
0.000784
4.8e-05
0.000784
4.8e-05
0.000784
4.8e-05
0.000784
0.000832
0.120752
0.000832
0.000832
0.000832
2.24e-05
0.0008096
0.0002144
0.0006176
0.0002144
0.0006176
0.000832
0.000832
0.000832
0.000832
0.000832
0.000832
0.113414
0.000832
0.000832
0.000832
0.0004064
0.0004256
0.0004064
0.0004256
0.0004064
0.0004256
0.0004064
0.0004256
0.000832
0.000832
0.000832
0.000832
0.000832
0.000832
0.0611968
0.000832
0.000832
0.000832
0.0003232
0.0005088
0.0003232
0.000570667
0.000261333
0.000832
0.00368
0.000773333
0.00477333
0.000773333
0.000832
0.00194133
0.00277333
0.00277333
0.00277333
0.00277333
0.00277333
0.0302891
0.000832
0.000832
0.00123307
0.00477333
0.000773333
0.00477333
0.000773333
0.00477333
0.00277333
0.000832
0.00194133
0.000773333
0.00477333
0.000773333
0.00277333
0.00277333
0.00277333
0.00277333
0.00277333
0.00277333
0.00277333
0.0067776
0.00277333
0.00277333
0.00277333
0.00477333
0.000773333
0.00477333
0.000773333
0.00477333
0.00277333
0.00277333
0.00277333
0.000773333
5.86667e-05
0.00471467
0.000773333
0.00277333
0.00277333
0.00277333
0.00277333
0.00277333
0.00277333
0.00277333
0.00277333
0.0100907
0.000832
0.000832
0.00133867
0.000773333
0.00477333
0.000773333
0.00477333
0.00277333
0.00277333
0.00277333
0.000773333
0.00477333
0.000832
0.00194133
0.000773333
0.00277333
0.00277333
0.00277333
0.00277333
0.00277333
0.00277333
0.00277333
0.00277333
0.017984
0.000832
0.000832
0.000784
4.8e-05
0.000784
4.8e-05
0.00322667
0.00277333
0.00277333
0.00277333
0.000773333
0.00477333
0.00277333
0.00277333
0.000773333
5.86667e-05
0.00271467
0.00277333
0.00277333
0.00277333
0.00277333
0.00277333
0.00277333
0.00277333
0.026304
0.000832
0.000832
0.000784
4.8e-05
0.000784
4.8e-05
0.000784
0.001664
0.00277333
0.00277333
0.000773333
0.00477333
0.00277333
0.00277333
0.000773333
0.00477333
0.000773333
5.86667e-05
0.00271467
0.00277333
0.00277333
0.00277333
0.00277333
0.00277333
0.00277333
0.034624
0.000832
0.000832
0.000784
4.8e-05
0.000784
4.8e-05
0.000784
0.000442667
0.000389333
0.000832
0.000832
0.00272
0.00277333
0.00277333
0.000773333
0.00477333
0.000773333
0.00477333
0.000773333
0.00277333
0.00277333
0.00277333
0.00277333
0.00277333
0.00277333
0.042944
0.000832
0.000832
0.000784
4.8e-05
0.000784
4.8e-05
0.000784
4.8e-05
0.000784
0.000832
0.000832
0.000832
0.000832
0.000832
0.00221867
0.000773333
0.00477333
0.000773333
0.00477333
0.000773333
0.00277333
0.00277333
0.00277333
0.00277333
0.00277333
0.00277333
0.042944
0.000832
0.000832
0.000784
4.8e-05
0.000784
4.8e-05
0.000784
4.8e-05
0.000784
0.000832
0.000832
0.000832
0.001888
0.00277333
0.00277333
0.00277333
0.000773333
0.00477333
0.000773333
0.00477333
0.000773333
0.00277333
0.00277333
0.00277333
0.00277333
0.00277333
0.00277333
0.051264
0.000832
0.000832
0.000784
4.8e-05
0.000784
4.8e-05
0.000784
4.8e-05
0.000784
0.000832
0.000773333
5.86667e-05
0.000832
0.000832
0.000832
0.000832
0.000832
0.000832
0.000496
0.000336
0.00443733
0.000773333
0.00277333
0.00277333
0.00277333
0.00277333
0.00277333
0.00277333
0.059584
0.000832
0.000832
0.000784
4.8e-05
0.000784
4.8e-05
0.000784
4.8e-05
0.000784
4.8e-05
0.000784
0.000832
0.000832
0.000832
0.000832
0.000832
0.000832
0.00133333
0.00277333
0.000773333
0.00477333
0.00277333
0.000773333
0.00277333
0.00277333
0.00277333
0.00277333
0.00277333
0.00277333
0.067904
0.000832
0.000832
0.000784
4.8e-05
0.000784
4.8e-05
0.000784
4.8e-05
0.000784
4.8e-05
0.000784
0.000112
0.00072
0.000832
0.000832
0.000832
0.000832
0.000832
0.000832
0.000496
0.000336
0.000832
0.000832
0.000773333
0.00277333
0.00277333
0.00277333
0.00277333
0.00277333
0.076224
0.000832
0.000832
0.000784
4.8e-05
0.000784
4.8e-05
0.000784
4.8e-05
0.000784
4.8e-05
0.000784
4.8e-05
0.000784
0.00072
0.000112
0.000832
0.000832
0.000832
0.000832
0.000832
0.000832
0.00883947
0.0939531
0.0046144
0.092032
0.000832
0.000832
0.000832
0.00690453
0.0914635
0.000832
0.000832
0.000832
0.000832
0.000832
0.000832
0.0032928
0.000832
0.100816
0.000832
0.000832
0.000832
0.000832
0.000832
0.000832
0.000832
0.003248
0.000832
0.000832
0.108624
0.000832
0.000832
0.000832
0.000832
0.000832
0.000832
0.000832
0.000832
0.002736
0.000832
0.000832
0.000832
0.116432
0.000832
0.000832
0.000832
0.000832
0.000832
0.000832
0.000832
0.000832
0.000832
0.002224
0.000832
0.000832
0.000832
0.000832
0.11592
0.000832
0.000832
0.000832
0.000832
0.000832
0.000832
0.000832
0.000832
0.000832
0.000832
0.001712
0.000832
0.000832
0.000832
0.000832
0.11624
0.000832
0.000832
0.000832
0.000832
0.000832
0.000832
0.000832
0.000832
0.000832
0.000832
0.000832
0.0012
0.000832
0.000832
0.000832
0.000832
0.000832
0.115408
0.000832
0.000832
0.000832
0.000832
0.000832
0.000832
0.000832
0.000832
0.000832
0.000832
0.000832
0.000832
0.000688
0.000832
0.000832
0.000832
0.000832
0.000832
0.000832
0.114896
0.000832
0.000832
0.000832
0.000832
0.000832
0.000832
0.000832
0.000832
0.000832
0.000832
0.000832
0.00152
0.000832
0.000656
0.000176
0.000656
0.000176
0.000832
0.000832
0.000832
0.000832
0.114704
0.000832
0.000832
0.000832
0.000832
0.000832
0.000832
0.000832
0.000832
0.000832
0.000832
0.000832
0.00152
0.000832
0.000832
0.000464
0.000368
0.000464
0.000368
0.000832
0.000832
0.000832
0.000832
0.114512
0.000832
0.000832
0.000832
0.000832
0.000832
0.000832
0.000832
0.000832
0.000832
0.000832
0.000832
0.000832
0.000688
0.000832
0.000832
0.000784
4.8e-05
0.000784
4.8e-05
0.000832
0.000832
0.000832
0.000832
0.000832
0.114
0.000832
0.000832
0.000832
0.000832
0.000832
0.000832
0.000832
0.000832
0.000832
0.000832
0.000832
0.00152
0.000832
0.000656
0.000176
0.000832
0.000272
0.00056
0.000272
0.00056
0.000832
0.000832
0.000832
0.000832
0.11432
0.000832
0.000832
0.000832
0.000832
0.000832
0.000832
0.000832
0.000832
0.000832
0.000832
0.000832
0.0015264
0.000832
0.000832
0.0005856
0.001088
0.0002464
0.0005856
0.109888
0.000832
0.000832
0.000832
0.000832
0.000832
0.000832
0.000832
0.000832
0.000832
0.000832
0.000832
0.0015328
0.000832
0.000832
0.000832
0.0002592
0.0005728
0.0002592
0.000832
0.0437173
0.00277333
0.00277333
0.00277333
0.00277333
0.00277333
0.00277333
0.00277333
0.00277333
0.00277333
0.00277333
0.00277333
0.000901333
0.00277333
0.00277333
0.00277333
0.000832
0.00394133
0.000773333
0.00477333
0.00277333
0.059072
0.000832
0.000832
0.000176
0.000656
0.000176
0.000656
0.000176
0.000656
0.000176
0.000656
0.000176
0.000656
0.000176
0.000656
0.000176
0.000656
0.000832
0.000832
0.000832
0.000832
0.000832
0.060592
0.000832
0.000208
0.000832
0.000832
0.000832
0.000458667
0.000373333
0.0044
0.000773333
0.00477333
0.000773333
0.00477333
0.000773333
0.00477333
0.000773333
0.000832
0.00394133
0.00277333
0.00277333
0.00277333
0.00277333
0.00277333
0.074224
0.000832
0.000832
0.000464
0.000368
0.000464
0.000368
0.000464
0.000368
0.000464
0.000368
0.000464
0.000368
0.000464
0.000368
0.000464
0.000832
0.000832
0.000832
0.000832
0.000832
0.000832
0.000832
0.000832
0.076784
0.000832
0.000832
0.000784
4.8e-05
0.000784
4.8e-05
0.000784
4.8e-05
0.000784
4.8e-05
0.000784
4.8e-05
0.000784
4.8e-05
0.00320533
0.00277333
0.00277333
0.00277333
0.00277333
0.00277333
0.00277333
0.090864
0.000832
0.000832
0.000832
0.000832
0.0005984
0.0002336
0.000832
0.000832
0.000832
0.000832
2.24e-05
0.100202
0.000832
0.000832
0.000832
0.0006624
0.0001696
0.000832
0.000832
8e-05
0.000752
8e-05
0.000752
8e-05
0.000752
8e-05
0.000752
8e-05
0.000832
0.094512
0.000832
0.000832
0.000832
0.000272
0.00056
0.00072
0.000112
0.00072
0.000112
0.00072
0.000112
0.00072
0.000112
0.00072
0.000112
0.00072
0.000112
0.00072
0.000112
0.104768
0.000832
0.000832
0.000832
0.000272
0.00056
0.000272
0.00056
0.000272
0.00056
0.000272
0.00056
0.000272
0.00056
0.000272
0.00056
0.000272
0.00056
0.000272
0.00056
0.000272
0.00056
0.112896
0.000832
0.000832
0.000832
0.000272
0.00056
0.000272
0.00056
0.000272
0.00056
0.000272
0.00056
0.000272
0.00056
0.000272
0.00056
0.000272
0.00056
0.000272
0.00056
0.000272
0.00056
0.000272
0.12127
0.000832
0.0021856
0.000832
0.000832
0.000832
0.000832
0.000832
0.000832
0.000832
0.000832
0.000832
0.121789
0.000832
0.000832
0.0007136
0.0001184
0.0007136
0.0001184
0.0007136
0.0001184
0.000832
0.0004576
0.000832
0.123178
0.000832
0.000832
0.000832
0.000832
0.000528
0.000304
0.000528
0.000304
0.000528
0.000304
0.000528
0.000832
0.11327
0.000832
0.000832
0.000832
0.0005856
0.0002464
0.0005856
0.0002464
0.0005856
0.0002464
0.0005856
0.0002464
0.0005856
0.000832
0.105078
0.000832
0.000832
0.000832
0.0002656
0.0005664
0.0002656
0.0005664
0.0002656
0.0005664
0.0002656
0.0005664
0.0002656
0.0005664
0.0002656
0.000832
0.0490677
0.00277333
0.000832
0.00194133
0.00277333
0.00477333
0.000773333
0.00477333
0.000773333
0.00477333
0.000773333
0.00477333
0.000773333
5.86667e-05
0.00471467
0.000773333
0.00477333
0.00277333
0.057584
0.000832
0.000832
0.000832
0.000592
0.00024
0.000592
0.00024
0.000592
0.00024
0.000592
0.00024
0.000592
0.00024
0.000592
0.00024
0.000592
0.00024
0.000592
0.000832
0.062576
0.000832
0.000832
0.000832
0.000272
0.00056
0.000272
0.00056
0.000832
0.003696
0.000773333
0.00477333
0.000773333
0.00477333
0.000773333
0.00477333
0.000773333
0.00477333
0.000773333
5.86667e-05
0.00471467
0.00277333
0.074224
0.000832
0.000832
0.000832
0.000272
0.00056
0.000272
0.00056
0.000272
0.00056
0.000272
0.00056
0.000272
0.00056
0.000272
0.00056
0.000272
0.00056
0.000272
0.00056
0.000272
0.00056
0.000272
0.000832
0.079152
0.000832
0.000832
0.000832
0.000272
0.00056
0.000272
0.00056
0.000272
0.00056
0.000272
0.00056
0.000272
0.00056
0.000752
8e-05
0.000832
0.00463467
0.000773333
0.00477333
0.000773333
0.00477333
0.0908704
0.000832
0.002256
0.000832
0.000832
0.004864
0.098704
0.000832
0.000832
0.00056
0.000272
0.00056
0.000272
0.00056
0.000272
0.00056
0.000272
0.00056
0.104746
0.000832
0.000832
0.000784
4.8e-05
0.000784
4.8e-05
0.000784
4.8e-05
0.000784
4.8e-05
0.000784
4.8e-05
0.000784
0.113712
0.000832
0.000832
0.000784
4.8e-05
0.000784
4.8e-05
0.000784
4.8e-05
0.000784
4.8e-05
0.000784
4.8e-05
0.000784
4.8e-05
0.000784
0.11352
0.000832
0.000832
0.000784
4.8e-05
0.000784
4.8e-05
0.000784
4.8e-05
0.000784
4.8e-05
0.000784
4.8e-05
0.000784
4.8e-05
0.000784
0.000832
0.121648
0.000832
0.000832
0.000784
4.8e-05
0.000784
4.8e-05
0.000784
4.8e-05
0.000784
4.8e-05
0.000784
4.8e-05
0.000784
4.8e-05
0.000784
4.8e-05
0.000784
0.000832
0.121136
0.000832
0.000832
0.000784
4.8e-05
0.000784
4.8e-05
0.000784
4.8e-05
0.000784
4.8e-05
0.000784
4.8e-05
0.000784
4.8e-05
0.000784
4.8e-05
0.000784
4.8e-05
0.000784
0.000832
0.120944
0.000832
0.000832
0.000784
4.8e-05
0.000784
4.8e-05
0.000784
4.8e-05
0.000784
4.8e-05
0.000784
4.8e-05
0.000784
4.8e-05
0.000784
4.8e-05
0.000784
4.8e-05
0.000784
4.8e-05
0.000784
0.000832
0.120752
0.000832
0.000832
0.000784
4.8e-05
0.000784
4.8e-05
0.000784
4.8e-05
0.000784
4.8e-05
0.000784
4.8e-05
0.000784
4.8e-05
0.000784
4.8e-05
0.000784
4.8e-05
0.000784
4.8e-05
0.000784
4.8e-05
0.121536
0.000832
0.000832
0.000832
2.24e-05
0.0008096
2.24e-05
0.0008096
2.24e-05
0.0008096
0.000832
0.000832
0.000832
0.0006624
0.0001696
0.000832
0.000832
0.122118
0.000832
0.0023264
0.000832
0.000832
0.0019136
0.000832
0.000832
0.114832
0.000832
0.000832
0.0004896
0.0003424
0.0004896
0.0003424
0.0004896
0.0003424
0.0004896
0.0003424
0.0004896
0.000832
0.0505077
0.00277333
0.00277333
0.00477333
0.000773333
0.00477333
0.000773333
5.86667e-05
0.00471467
0.000773333
0.000832
0.00394133
0.000773333
0.00477333
0.00277333
0.0576224
0.000832
0.000832
0.000784
4.8e-05
0.000784
4.8e-05
0.000784
4.8e-05
0.000784
4.8e-05
0.000784
4.8e-05
0.000784
4.8e-05
0.000784
0.000832
0.0643776
0.000832
0.000832
0.000784
4.8e-05
0.000784
4.8e-05
0.00225707
0.000773333
0.00477333
0.000773333
0.00477333
0.000773333
5.86667e-05
0.00471467
0.000773333
0.000832
0.00394133
0.00277333
0.074224
0.000832
0.000832
0.000784
4.8e-05
0.000784
4.8e-05
0.000784
4.8e-05
0.000784
4.8e-05
0.000784
4.8e-05
0.000784
4.8e-05
0.000784
4.8e-05
0.000784
0.000832
0.000832
0.079344
0.000832
0.000832
0.000784
4.8e-05
0.000784
4.8e-05
0.000784
4.8e-05
0.000784
4.8e-05
0.000784
4.8e-05
0.000784
4.8e-05
0.000832
0.00365333
0.000773333
0.00477333
0.000832
0.00194133
0.00277333
0.090864
0.000832
0.000832
0.000784
4.8e-05
0.000784
4.8e-05
0.000784
4.8e-05
0.000784
4.8e-05
0.000784
4.8e-05
0.000784
4.8e-05
0.000784
4.8e-05
0.000784
4.8e-05
0.000784
4.8e-05
0.000784
0.000832
0.000832
0.09528
0.000832
0.000832
0.000784
4.8e-05
0.000784
4.8e-05
0.000784
4.8e-05
0.000784
4.8e-05
0.000784
4.8e-05
0.000784
4.8e-05
0.000784
4.8e-05
0.000784
4.8e-05
0.000784
4.8e-05
0.000832
0.000274133
0.107434
0.000832
0.000832
0.000832
2.24e-05
0.0008096
2.24e-05
0.0008096
0.000832
0.000832
0.000832
0.0007904
4.16e-05
0.0007904
4.16e-05
0.000832
0.000832
0.113798
0.000832
0.0023264
0.000832
0.0019136
0.000832
0.000832
0.000832
0.114768
0.000832
0.000832
0.0004896
0.0003424
0.0004896
0.0003424
0.0004896
0.0003424
0.0004896
0.0003424
0.0004896
0.000832
0.000832
0.12024
0.000832
0.000832
0.000784
4.8e-05
0.000784
4.8e-05
0.000784
4.8e-05
0.000784
4.8e-05
0.000784
4.8e-05
0.000784
0.000832
0.000832
0.121008
0.000832
0.000832
0.000784
4.8e-05
0.000784
4.8e-05
0.000784
4.8e-05
0.000784
4.8e-05
0.000784
4.8e-05
0.000784
4.8e-05
0.000784
0.000832
0.000832
0.120816
0.000832
0.000832
0.000784
4.8e-05
0.000784
4.8e-05
0.000784
4.8e-05
0.000784
4.8e-05
0.000784
4.8e-05
0.000784
4.8e-05
0.000784
4.8e-05
0.000784
0.000832
0.000832
0.120624
0.000832
0.000832
0.000784
4.8e-05
0.000784
4.8e-05
0.000784
4.8e-05
0.000784
4.8e-05
0.000784
4.8e-05
0.000784
4.8e-05
0.000784
4.8e-05
0.000784
4.8e-05
0.000784
0.000832
