0
0
0
32000
93600
187200
187200
187200
187200
187200
187200
187200
187200
187200
187200
52000
0
62400
83200
72800
72800
62400
124800
114400
104000
104000
176800
145600
156000
166400
187200
176800
187200
187200
176800
187200
114400
10400
52000
62400
41600
31200
52000
52000
83200
62400
93600
135200
156000
156000
187200
135200
187200
124800
187200
187200
135200
124800
145600
166400
114400
93600
104000
114400
135200
166400
135200
124800
187200
135200
124800
72800
93600
72800
104000
166400
124800
114400
156000
156000
124800
156000
166400
114400
0
124800
114400
93600
104000
187200
114400
135200
187200
135200
135200
187200
135200
114400
20800
72800
62400
62400
31200
72800
62400
72800
114400
166400
176800
187200
176800
187200
187200
176800
187200
187200
176800
187200
156000
20800
72800
83200
83200
72800
166400
124800
135200
145600
176800
166400
176800
187200
187200
176800
187200
166400
41600
41600
31200
20800
52000
62400
83200
83200
62400
72800
135200
135200
124800
156000
176800
187200
166400
187200
187200
176800
176800
187200
166400
52000
62400
52000
41600
41600
10400
62400
72800
93600
52000
62400
135200
135200
93600
114400
176800
124800
135200
166400
145600
124800
176800
145600
72800
145600
187200
114400
10400
166400
135200
114400
145600
176800
124800
156000
166400
135200
62400
93600
52000
20800
41600
62400
31200
52000
197600
197600
260000
312000
270400
301600
270400
332800
249600
280800
166400
52000
145600
114400
187200
208000
176800
104000
156000
176800
197600
83200
124800
228800
228800
104000
135200
208000
145600
301600
176800
270400
176800
218400
166400
124800
208000
218400
156000
114400
135200
52000
93600
72800
41600
135200
156000
156000
291200
353600
343200
343200
301600
343200
301600
322400
280800
270400
166400
114400
145600
145600
197600
218400
187200
114400
145600
166400
197600
93600
114400
228800
228800
114400
104000
114400
187200
239200
197600
322400
187200
156000
208000
166400
166400
218400
124800
124800
83200
52000
156000
176800
135200
104000
249600
176800
322400
145600
124800
145600
124800
124800
104000
208000
218400
176800
104000
156000
176800
83200
72800
62400
312000
197600
239200
218400
239200
176800
187200
156000
145600
176800
218400
104000
93600
83200
197600
228800
124800
104000
166400
332800
197600
322400
176800
145600
208000
166400
166400
156000
124800
124800
124800
41600
104000
166400
187200
83200
124800
218400
218400
176800
83200
239200
208000
260000
291200
280800
270400
280800
270400
239200
156000
93600
156000
114400
93600
166400
218400
176800
104000
156000
166400
93600
83200
41600
145600
218400
197600
301600
187200
260000
176800
156000
166400
228800
228800
197600
104000
31200
187200
197600
124800
114400
176800
93600
135200
166400
270400
176800
249600
176800
208000
145600
166400
72800
135200
104000
52000
176800
187200
145600
93600
187200
218400
166400
83200
291200
364000
364000
343200
332800
322400
343200
301600
322400
280800
239200
20800
52000
93600
114400
52000
83200
156000
166400
104000
83200
208000
228800
135200
114400
239200
249600
145600
104000
364000
176800
301600
197600
260000
124800
135200
176800
156000
145600
218400
124800
124800
10400
124800
145600
218400
176800
312000
176800
260000
156000
52000
83200
135200
166400
176800
114400
83200
218400
218400
145600
104000
145600
83200
135200
166400
280800
176800
249600
176800
208000
156000
176800
83200
145600
83200
83200
187200
208000
