0
0
0.037037
0
0.0217391
0.0357143
0.0105263
0.0114943
0.0224719
0.0106383
0.0108696
0.021978
0.0235294
0.0119048
0.0105263
0.0111111
0.0238095
0.0104167
0.0246914
0.0104167
0.010989
0.021978
0.010989
0.0117647
0.0212766
0.0111111
0.0235294
0.0217391
0
0.0215054
0.0227273
0
0.0240964
0.0212766
0.0111111
0.010989
0.0119048
0.0215054
0.0116279
0.0108696
0.0212766
0.011236
0.0224719
0.0113636
0.0119048
0.0212766
0.0123457
0.0208333
0.011236
0.0117647
0.0212766
0.0108696
0.0116279
0.0215054
0.011236
0.0117647
0.0215054
0.0119048
0.0105263
0.0229885
0.0111111
0.0106383
0.0114943
0.0232558
0.0113636
0.0217391
0.011236
0.0113636
0.0212766
0.010989
0.0123457
0.0104167
0.0232558
0.010989
0.0212766
0.0111111
0.0121951
0.0210526
0.011236
0.0116279
0.0229885
0.0106383
0.010989
0.0217391
0.010989
0.0238095
0.0108696
0.0116279
0.0106383
0.011236
0.0238095
0.0105263
0.0235294
0.0108696
0.025
0.010101
0.0114943
0.0215054
0.0128205
0.0106383
