0.0340879
0.0490097
0.0300605
0.0264639
0.0261197
0.0267056
0.0270388
0.0264706
0.0277968
0.0559056
0.0463288
0.0267985
0.0260696
0.0315458
0.0270305
0.0273926
0.0292929
0.0278042
0.0278042
0.0280299
0.0280699
0.028306
0.0278753
0.028058
0.0295605
0.0301328
0.0277209
0.028457
0.0264779
0.0270125
0.0286566
0.0256472
0.026543
0.0272576
0.0255467
0.0268329
0.0284045
0.0297112
0.026957
0.0300996
0.0915417
0.0742182
0.0316337
0.0259362
0.0275749
0.0255467
0.0264489
0.0294283
0.0273242
0.0262541
0.0259323
0.0278558
0.0275712
0.0268288
0.0258023
0.0262727
0.0260855
0.0260484
0.0255467
0.0270313
0.0263402
0.0296709
0.0273471
0.0278775
0.0262833
0.0257721
0.0258053
0.0256444
0.026373
0.0257112
0.0258914
0.0290304
0.0280346
0.0257972
0.0281176
0.0277477
0.0273858
0.0271315
0.0268525
0.0283754
0.0296729
0.0262218
0.0292692
0.0259113
0.0265753
0.0275226
0.0265493
0.0294887
0.030794
0.0259934
0.0262932
0.0267606
0.0255467
0.0262006
0.0255573
0.0255467
0.0264154
0.0262113
0.0255467
